seed	k	n	survive_bf	edges_bf	survive_pad	edges_pad	
1	10	0	6	6	6	6	
1	10	2	6	9	6	10	
1	10	4	6	10	6	13	
1	10	6	6	10	6	14	
1	10	8	6	10	6	15	
1	10	10	6	10	6	15	
1	10	12	6	10	6	15	
1	10	14	6	10	6	15	
1	10	16	6	10	6	15	
1	10	18	6	10	6	15	
1	10	20	6	10	6	17	
1	20	0	8	8	8	8	
1	20	4	12	17	11	15	
1	20	8	12	18	11	19	
1	20	12	12	18	11	22	
1	20	16	12	19	11	23	
1	20	20	12	19	11	23	
1	20	24	12	19	11	23	
1	20	28	12	19	12	25	
1	20	32	12	19	12	26	
1	20	36	12	19	12	26	
1	20	40	12	19	12	28	
1	30	0	10	10	10	10	
1	30	6	14	21	14	20	
1	30	12	14	22	14	22	
1	30	18	15	23	14	22	
1	30	24	16	26	15	27	
1	30	30	16	27	15	28	
1	30	36	16	27	15	30	
1	30	42	17	28	16	32	
1	30	48	17	28	16	32	
1	30	54	17	28	16	33	
1	30	60	17	28	16	35	
1	40	0	10	10	10	10	
1	40	8	17	24	16	23	
1	40	16	17	27	16	29	
1	40	24	17	27	16	30	
1	40	32	20	30	16	31	
1	40	40	20	30	17	32	
1	40	48	20	31	17	32	
1	40	56	20	31	17	33	
1	40	64	20	31	17	34	
1	40	72	20	33	18	36	
1	40	80	20	33	18	37	
1	50	0	14	14	14	14	
1	50	10	18	23	16	23	
1	50	20	22	34	20	32	
1	50	30	24	37	21	35	
1	50	40	25	38	23	38	
1	50	50	27	40	26	45	
1	50	60	27	40	26	46	
1	50	70	27	41	26	49	
1	50	80	27	41	26	50	
1	50	90	27	41	26	51	
1	50	100	27	42	26	52	
1	60	0	13	13	13	13	
1	60	12	25	33	22	28	
1	60	24	26	36	23	31	
1	60	36	30	43	25	39	
1	60	48	30	43	25	41	
1	60	60	33	48	29	48	
1	60	72	33	49	30	48	
1	60	84	33	49	30	48	
1	60	96	34	51	31	50	
1	60	108	34	51	31	51	
1	60	120	34	51	31	52	
1	70	0	13	13	13	13	
1	70	14	24	33	20	30	
1	70	28	26	36	21	34	
1	70	42	29	44	25	44	
1	70	56	30	47	26	50	
1	70	70	32	49	28	53	
1	70	84	34	53	31	59	
1	70	98	34	54	31	65	
1	70	112	34	54	31	65	
1	70	126	36	57	32	67	
1	70	140	36	59	33	69	
1	80	0	13	13	13	13	
1	80	16	26	37	24	33	
1	80	32	32	48	27	42	
1	80	48	34	54	28	48	
1	80	64	35	56	29	53	
1	80	80	35	59	29	58	
1	80	96	36	61	31	55	
1	80	112	37	63	33	62	
1	80	128	37	63	33	64	
1	80	144	38	64	33	64	
1	80	160	38	65	34	64	
1	90	0	11	11	11	11	
1	90	18	25	37	24	35	
1	90	36	32	51	28	44	
1	90	54	32	54	30	50	
1	90	72	34	59	31	56	
1	90	90	34	61	32	61	
1	90	108	34	61	32	64	
1	90	126	35	64	32	70	
1	90	144	37	69	33	71	
1	90	162	37	72	35	74	
1	90	180	38	73	36	78	
1	100	0	17	17	17	17	
1	100	20	28	38	25	34	
1	100	40	32	47	29	44	
1	100	60	39	59	34	54	
1	100	80	43	67	36	61	
1	100	100	47	73	39	68	
1	100	120	48	75	40	71	
1	100	140	48	76	41	74	
1	100	160	48	77	41	74	
1	100	180	48	78	41	77	
1	100	200	48	78	41	79	
2	10	0	6	6	6	6	
2	10	2	7	10	7	11	
2	10	4	7	10	7	14	
2	10	6	7	10	7	14	
2	10	8	7	10	7	13	
2	10	10	7	10	7	13	
2	10	12	7	10	7	13	
2	10	14	7	10	7	13	
2	10	16	7	10	7	15	
2	10	18	7	10	7	16	
2	10	20	7	10	7	16	
2	20	0	7	7	7	7	
2	20	4	11	17	11	16	
2	20	8	11	17	11	20	
2	20	12	11	17	11	23	
2	20	16	11	17	11	25	
2	20	20	12	18	11	25	
2	20	24	13	19	11	25	
2	20	28	13	19	11	25	
2	20	32	13	19	11	26	
2	20	36	13	19	11	25	
2	20	40	13	19	11	26	
2	30	0	7	7	7	7	
2	30	6	10	16	9	14	
2	30	12	11	19	11	21	
2	30	18	12	21	12	21	
2	30	24	12	21	12	23	
2	30	30	12	22	12	25	
2	30	36	15	25	13	29	
2	30	42	17	27	13	28	
2	30	48	17	27	13	30	
2	30	54	17	27	13	31	
2	30	60	17	27	13	32	
2	40	0	12	12	12	12	
2	40	8	21	28	19	28	
2	40	16	22	31	19	32	
2	40	24	22	33	20	37	
2	40	32	22	33	21	38	
2	40	40	22	35	21	41	
2	40	48	22	35	21	42	
2	40	56	23	36	21	43	
2	40	64	23	36	21	44	
2	40	72	23	36	21	44	
2	40	80	23	36	21	45	
2	50	0	12	12	12	12	
2	50	10	20	33	19	29	
2	50	20	20	34	19	34	
2	50	30	21	39	20	41	
2	50	40	21	40	21	43	
2	50	50	21	41	21	45	
2	50	60	22	43	22	48	
2	50	70	22	44	22	49	
2	50	80	22	44	22	52	
2	50	90	22	44	22	56	
2	50	100	22	44	22	56	
2	60	0	13	13	13	13	
2	60	12	21	30	19	28	
2	60	24	22	35	20	34	
2	60	36	23	37	20	35	
2	60	48	24	39	20	36	
2	60	60	24	40	20	38	
2	60	72	24	40	20	40	
2	60	84	24	40	22	43	
2	60	96	24	40	22	46	
2	60	108	24	40	22	47	
2	60	120	25	42	22	50	
2	70	0	8	8	8	8	
2	70	14	21	34	19	32	
2	70	28	25	39	21	36	
2	70	42	25	42	25	44	
2	70	56	25	43	25	45	
2	70	70	26	45	25	49	
2	70	84	26	46	25	51	
2	70	98	26	46	25	53	
2	70	112	30	53	27	59	
2	70	126	30	54	27	61	
2	70	140	30	54	28	61	
2	80	0	11	11	11	11	
2	80	16	29	48	29	47	
2	80	32	31	55	31	57	
2	80	48	31	56	31	61	
2	80	64	33	59	33	65	
2	80	80	33	59	33	68	
2	80	96	35	65	35	73	
2	80	112	35	65	35	75	
2	80	128	35	65	35	78	
2	80	144	35	67	35	83	
2	80	160	35	67	35	84	
2	90	0	10	10	10	10	
2	90	18	31	44	30	44	
2	90	36	41	58	36	54	
2	90	54	43	61	37	60	
2	90	72	43	61	39	64	
2	90	90	43	62	40	67	
2	90	108	43	63	40	68	
2	90	126	43	64	40	71	
2	90	144	44	66	41	70	
2	90	162	44	66	41	72	
2	90	180	45	70	41	77	
2	100	0	14	14	14	14	
2	100	20	29	40	28	39	
2	100	40	32	50	30	47	
2	100	60	34	55	31	53	
2	100	80	38	63	33	60	
2	100	100	38	64	33	63	
2	100	120	41	67	33	64	
2	100	140	41	67	34	65	
2	100	160	41	69	34	66	
2	100	180	41	69	34	67	
2	100	200	41	71	34	69	
3	10	0	8	8	8	8	
3	10	2	8	9	8	10	
3	10	4	8	9	8	10	
3	10	6	8	10	8	12	
3	10	8	8	10	8	12	
3	10	10	8	10	8	12	
3	10	12	8	10	8	13	
3	10	14	8	10	8	14	
3	10	16	8	10	8	14	
3	10	18	8	10	8	15	
3	10	20	8	10	8	14	
3	20	0	10	10	10	10	
3	20	4	12	16	12	17	
3	20	8	12	18	12	19	
3	20	12	12	18	12	23	
3	20	16	12	18	12	22	
3	20	20	12	18	12	22	
3	20	24	12	18	12	22	
3	20	28	12	18	12	22	
3	20	32	12	18	12	22	
3	20	36	13	19	13	23	
3	20	40	13	19	13	24	
3	30	0	11	11	11	11	
3	30	6	11	17	11	17	
3	30	12	13	21	12	22	
3	30	18	13	24	12	26	
3	30	24	13	25	12	29	
3	30	30	13	25	12	30	
3	30	36	13	25	12	30	
3	30	42	13	25	12	31	
3	30	48	13	25	12	33	
3	30	54	13	26	12	34	
3	30	60	13	26	12	34	
3	40	0	9	9	9	9	
3	40	8	16	24	16	24	
3	40	16	19	33	19	33	
3	40	24	19	33	19	35	
3	40	32	19	33	19	38	
3	40	40	20	35	20	39	
3	40	48	20	37	20	44	
3	40	56	20	37	20	45	
3	40	64	21	38	21	45	
3	40	72	21	38	21	45	
3	40	80	22	39	21	46	
3	50	0	10	10	10	10	
3	50	10	21	32	20	31	
3	50	20	22	35	21	37	
3	50	30	23	36	22	41	
3	50	40	24	38	22	42	
3	50	50	25	40	22	45	
3	50	60	25	41	23	48	
3	50	70	25	41	24	53	
3	50	80	25	41	24	52	
3	50	90	25	41	24	53	
3	50	100	25	42	24	57	
3	60	0	12	12	12	12	
3	60	12	17	28	16	26	
3	60	24	21	34	19	33	
3	60	36	24	40	20	36	
3	60	48	25	43	21	37	
3	60	60	25	45	21	42	
3	60	72	26	47	22	45	
3	60	84	28	50	24	47	
3	60	96	28	50	24	47	
3	60	108	28	50	24	47	
3	60	120	28	51	25	53	
3	70	0	11	11	11	11	
3	70	14	19	28	17	23	
3	70	28	25	38	21	33	
3	70	42	30	48	24	41	
3	70	56	33	53	26	46	
3	70	70	33	54	27	51	
3	70	84	34	56	29	55	
3	70	98	34	56	29	57	
3	70	112	34	57	29	59	
3	70	126	34	58	29	60	
3	70	140	36	60	29	57	
3	80	0	15	15	15	15	
3	80	16	28	38	27	37	
3	80	32	29	43	28	44	
3	80	48	31	51	30	53	
3	80	64	33	55	30	58	
3	80	80	33	56	30	59	
3	80	96	34	59	32	64	
3	80	112	34	60	32	68	
3	80	128	34	61	32	72	
3	80	144	34	63	32	72	
3	80	160	34	63	32	75	
3	90	0	15	15	15	15	
3	90	18	32	46	28	39	
3	90	36	36	54	33	46	
3	90	54	37	57	34	51	
3	90	72	38	60	35	56	
3	90	90	40	62	34	57	
3	90	108	41	64	36	60	
3	90	126	41	65	36	64	
3	90	144	42	67	37	67	
3	90	162	43	70	38	70	
3	90	180	43	70	39	73	
3	100	0	12	12	12	12	
3	100	20	32	44	29	42	
3	100	40	41	58	35	53	
3	100	60	41	59	35	56	
3	100	80	43	63	35	58	
3	100	100	43	65	35	61	
3	100	120	44	68	39	67	
3	100	140	44	68	40	70	
3	100	160	45	72	41	74	
3	100	180	45	72	41	75	
3	100	200	46	74	43	76	
4	10	0	5	5	5	5	
4	10	2	6	8	6	9	
4	10	4	6	8	6	10	
4	10	6	6	8	6	12	
4	10	8	6	8	6	12	
4	10	10	7	10	6	10	
4	10	12	7	10	6	11	
4	10	14	7	10	6	11	
4	10	16	7	10	6	12	
4	10	18	7	10	6	12	
4	10	20	7	10	6	13	
4	20	0	8	8	8	8	
4	20	4	12	15	10	14	
4	20	8	13	19	11	17	
4	20	12	13	20	11	19	
4	20	16	13	20	11	19	
4	20	20	13	20	12	21	
4	20	24	13	20	12	21	
4	20	28	13	20	12	21	
4	20	32	13	20	12	21	
4	20	36	13	20	12	23	
4	20	40	13	20	12	23	
4	30	0	11	11	11	11	
4	30	6	17	23	16	22	
4	30	12	17	24	16	26	
4	30	18	17	24	16	27	
4	30	24	17	24	16	27	
4	30	30	17	24	16	27	
4	30	36	18	25	16	27	
4	30	42	18	25	17	28	
4	30	48	18	25	17	29	
4	30	54	18	25	17	29	
4	30	60	18	25	17	30	
4	40	0	10	10	10	10	
4	40	8	17	24	16	25	
4	40	16	18	27	17	28	
4	40	24	20	32	18	32	
4	40	32	22	37	19	35	
4	40	40	22	38	19	38	
4	40	48	22	38	19	40	
4	40	56	22	38	20	42	
4	40	64	22	38	20	44	
4	40	72	22	39	20	47	
4	40	80	22	39	20	47	
4	50	0	13	13	13	13	
4	50	10	19	29	17	26	
4	50	20	22	33	20	31	
4	50	30	25	38	23	37	
4	50	40	25	41	23	43	
4	50	50	25	41	23	46	
4	50	60	25	41	23	46	
4	50	70	25	41	23	47	
4	50	80	26	44	23	49	
4	50	90	26	44	23	52	
4	50	100	27	46	25	55	
4	60	0	12	12	12	12	
4	60	12	24	34	22	32	
4	60	24	26	38	24	38	
4	60	36	26	38	24	41	
4	60	48	27	40	26	43	
4	60	60	28	41	26	44	
4	60	72	28	43	26	45	
4	60	84	28	43	26	51	
4	60	96	31	46	29	52	
4	60	108	31	46	29	54	
4	60	120	31	47	29	56	
4	70	0	12	12	12	12	
4	70	14	22	34	20	31	
4	70	28	27	44	24	43	
4	70	42	28	47	25	45	
4	70	56	28	49	25	48	
4	70	70	28	49	25	50	
4	70	84	30	53	25	55	
4	70	98	30	53	25	51	
4	70	112	30	53	26	54	
4	70	126	30	53	26	54	
4	70	140	30	54	26	55	
4	80	0	11	11	11	11	
4	80	16	23	35	22	34	
4	80	32	25	42	24	41	
4	80	48	29	53	26	49	
4	80	64	29	54	26	53	
4	80	80	29	55	26	55	
4	80	96	29	56	26	56	
4	80	112	31	62	27	61	
4	80	128	31	63	29	66	
4	80	144	31	63	29	71	
4	80	160	31	63	29	72	
4	90	0	15	15	15	15	
4	90	18	28	38	22	33	
4	90	36	31	46	26	43	
4	90	54	36	55	32	52	
4	90	72	36	58	34	60	
4	90	90	37	60	35	64	
4	90	108	39	63	35	65	
4	90	126	41	66	37	68	
4	90	144	41	69	37	71	
4	90	162	43	74	39	76	
4	90	180	43	76	39	79	
4	100	0	14	14	14	14	
4	100	20	32	52	30	47	
4	100	40	34	55	32	49	
4	100	60	34	55	32	51	
4	100	80	38	62	36	57	
4	100	100	40	67	37	64	
4	100	120	41	69	39	72	
4	100	140	41	71	39	74	
4	100	160	41	71	39	75	
4	100	180	41	72	39	77	
4	100	200	41	72	39	81	
5	10	0	6	6	6	6	
5	10	2	6	8	6	9	
5	10	4	6	8	6	10	
5	10	6	6	8	6	10	
5	10	8	6	8	6	11	
5	10	10	6	8	6	10	
5	10	12	6	8	6	10	
5	10	14	6	8	6	10	
5	10	16	6	8	6	11	
5	10	18	6	8	6	12	
5	10	20	7	9	7	12	
5	20	0	9	9	9	9	
5	20	4	12	16	11	15	
5	20	8	13	18	12	19	
5	20	12	14	19	13	20	
5	20	16	14	20	13	22	
5	20	20	14	20	13	22	
5	20	24	14	20	13	23	
5	20	28	14	20	13	23	
5	20	32	14	20	13	23	
5	20	36	14	20	13	25	
5	20	40	14	20	13	26	
5	30	0	7	7	7	7	
5	30	6	15	21	15	21	
5	30	12	16	24	15	25	
5	30	18	18	28	15	27	
5	30	24	19	29	16	30	
5	30	30	19	29	16	32	
5	30	36	19	29	17	35	
5	30	42	19	29	17	36	
5	30	48	19	29	17	36	
5	30	54	19	29	17	37	
5	30	60	19	29	17	39	
5	40	0	10	10	10	10	
5	40	8	20	29	20	29	
5	40	16	20	30	20	32	
5	40	24	20	31	20	36	
5	40	32	21	33	21	39	
5	40	40	21	33	21	39	
5	40	48	22	34	21	40	
5	40	56	22	34	21	42	
5	40	64	22	35	21	46	
5	40	72	22	35	21	45	
5	40	80	22	35	21	45	
5	50	0	9	9	9	9	
5	50	10	18	27	15	23	
5	50	20	20	32	17	29	
5	50	30	24	37	21	35	
5	50	40	24	37	21	35	
5	50	50	24	38	21	37	
5	50	60	25	42	22	41	
5	50	70	25	42	22	42	
5	50	80	25	42	22	44	
5	50	90	25	42	22	44	
5	50	100	26	43	22	44	
5	60	0	10	10	10	10	
5	60	12	20	28	17	23	
5	60	24	23	35	22	31	
5	60	36	23	38	22	35	
5	60	48	23	38	22	37	
5	60	60	24	40	22	41	
5	60	72	24	42	23	44	
5	60	84	24	42	23	46	
5	60	96	24	42	23	49	
5	60	108	24	42	23	50	
5	60	120	26	46	24	54	
5	70	0	16	16	16	16	
5	70	14	25	35	23	30	
5	70	28	29	43	26	39	
5	70	42	30	45	27	43	
5	70	56	30	45	28	46	
5	70	70	30	46	28	49	
5	70	84	30	46	28	49	
5	70	98	30	47	28	50	
5	70	112	30	48	28	51	
5	70	126	30	48	28	52	
5	70	140	31	50	29	55	
5	80	0	16	16	16	16	
5	80	16	27	43	25	39	
5	80	32	31	51	27	47	
5	80	48	32	54	28	50	
5	80	64	34	57	28	53	
5	80	80	34	58	29	55	
5	80	96	34	59	29	57	
5	80	112	34	59	29	59	
5	80	128	34	60	30	62	
5	80	144	34	61	30	65	
5	80	160	35	62	30	65	
5	90	0	10	10	10	10	
5	90	18	23	33	21	32	
5	90	36	28	44	24	42	
5	90	54	30	47	27	50	
5	90	72	31	49	29	54	
5	90	90	37	57	33	62	
5	90	108	37	57	33	64	
5	90	126	40	63	36	69	
5	90	144	40	65	36	72	
5	90	162	40	65	36	72	
5	90	180	40	66	36	72	
5	100	0	10	10	10	10	
5	100	20	29	41	27	37	
5	100	40	39	56	32	47	
5	100	60	42	63	38	57	
5	100	80	43	68	39	63	
5	100	100	43	70	39	67	
5	100	120	45	72	41	71	
5	100	140	45	74	41	77	
5	100	160	47	76	42	78	
5	100	180	47	76	42	81	
5	100	200	48	77	42	84	
6	10	0	6	6	6	6	
6	10	2	7	10	7	10	
6	10	4	7	10	7	10	
6	10	6	7	10	7	12	
6	10	8	7	10	7	13	
6	10	10	7	10	7	12	
6	10	12	7	10	7	12	
6	10	14	7	10	7	14	
6	10	16	7	10	7	14	
6	10	18	7	10	7	16	
6	10	20	7	10	7	16	
6	20	0	10	10	10	10	
6	20	4	11	15	10	16	
6	20	8	13	19	12	20	
6	20	12	13	19	12	21	
6	20	16	13	19	13	23	
6	20	20	13	19	13	24	
6	20	24	13	19	13	23	
6	20	28	13	19	13	26	
6	20	32	13	19	13	26	
6	20	36	13	19	13	27	
6	20	40	13	19	13	28	
6	30	0	9	9	9	9	
6	30	6	11	17	11	18	
6	30	12	12	20	12	22	
6	30	18	13	22	13	27	
6	30	24	14	24	13	30	
6	30	30	15	26	14	31	
6	30	36	15	26	14	30	
6	30	42	15	26	14	32	
6	30	48	15	26	14	33	
6	30	54	15	27	14	33	
6	30	60	15	27	14	33	
6	40	0	12	12	12	12	
6	40	8	20	28	16	24	
6	40	16	20	30	18	28	
6	40	24	21	31	18	31	
6	40	32	21	32	18	33	
6	40	40	21	32	18	35	
6	40	48	22	34	19	36	
6	40	56	22	34	19	36	
6	40	64	22	35	19	36	
6	40	72	22	35	20	37	
6	40	80	23	38	20	39	
6	50	0	11	11	11	11	
6	50	10	19	30	15	24	
6	50	20	21	35	17	29	
6	50	30	23	38	18	33	
6	50	40	24	40	19	39	
6	50	50	24	41	19	41	
6	50	60	24	41	19	43	
6	50	70	24	42	19	45	
6	50	80	24	42	19	47	
6	50	90	24	42	19	48	
6	50	100	24	42	19	47	
6	60	0	13	13	13	13	
6	60	12	25	35	24	33	
6	60	24	28	40	27	40	
6	60	36	28	44	28	47	
6	60	48	28	45	28	48	
6	60	60	29	50	29	53	
6	60	72	29	50	29	54	
6	60	84	30	51	29	56	
6	60	96	30	51	29	59	
6	60	108	30	51	29	60	
6	60	120	30	51	29	59	
6	70	0	11	11	11	11	
6	70	14	25	37	22	31	
6	70	28	28	45	23	39	
6	70	42	29	47	25	43	
6	70	56	30	52	27	48	
6	70	70	30	52	27	49	
6	70	84	30	52	27	52	
6	70	98	31	53	27	54	
6	70	112	32	56	27	55	
6	70	126	35	60	29	58	
6	70	140	36	62	29	59	
6	80	0	14	14	14	14	
6	80	16	28	42	24	37	
6	80	32	34	51	31	50	
6	80	48	36	57	32	52	
6	80	64	37	61	34	57	
6	80	80	40	64	34	56	
6	80	96	40	66	35	64	
6	80	112	40	67	35	66	
6	80	128	40	67	37	70	
6	80	144	40	67	37	72	
6	80	160	41	68	40	76	
6	90	0	13	13	13	13	
6	90	18	30	43	26	40	
6	90	36	31	50	26	46	
6	90	54	31	51	28	50	
6	90	72	33	57	30	58	
6	90	90	35	59	31	62	
6	90	108	38	64	34	67	
6	90	126	37	65	35	71	
6	90	144	38	66	35	72	
6	90	162	39	69	36	78	
6	90	180	40	71	36	80	
6	100	0	14	14	14	14	
6	100	20	30	43	28	40	
6	100	40	32	47	29	42	
6	100	60	37	56	34	51	
6	100	80	37	57	34	55	
6	100	100	38	60	34	56	
6	100	120	39	61	34	57	
6	100	140	39	61	34	59	
6	100	160	44	69	37	62	
6	100	180	45	71	38	66	
6	100	200	45	72	36	71	
7	10	0	5	5	5	5	
7	10	2	6	8	6	9	
7	10	4	6	8	6	8	
7	10	6	6	9	6	9	
7	10	8	6	9	6	13	
7	10	10	6	9	6	14	
7	10	12	6	9	6	16	
7	10	14	7	10	6	16	
7	10	16	7	10	6	16	
7	10	18	7	10	6	16	
7	10	20	7	10	6	16	
7	20	0	8	8	8	8	
7	20	4	11	15	11	15	
7	20	8	11	16	11	17	
7	20	12	11	16	11	17	
7	20	16	11	17	11	18	
7	20	20	11	17	11	18	
7	20	24	11	18	11	21	
7	20	28	11	18	11	22	
7	20	32	11	19	11	24	
7	20	36	11	19	11	24	
7	20	40	11	19	11	26	
7	30	0	11	11	11	11	
7	30	6	17	23	16	22	
7	30	12	18	26	16	25	
7	30	18	18	26	17	28	
7	30	24	18	27	17	29	
7	30	30	18	28	17	31	
7	30	36	18	28	18	34	
7	30	42	19	29	19	35	
7	30	48	19	29	19	34	
7	30	54	19	29	19	35	
7	30	60	19	29	19	36	
7	40	0	10	10	10	10	
7	40	8	17	23	13	20	
7	40	16	18	27	15	26	
7	40	24	19	29	16	30	
7	40	32	19	30	16	31	
7	40	40	20	31	16	33	
7	40	48	20	31	16	35	
7	40	56	20	31	16	36	
7	40	64	20	32	17	38	
7	40	72	20	32	17	38	
7	40	80	21	33	19	38	
7	50	0	11	11	11	11	
7	50	10	18	28	18	28	
7	50	20	19	31	19	30	
7	50	30	20	35	20	33	
7	50	40	20	36	20	35	
7	50	50	20	37	20	38	
7	50	60	21	38	20	38	
7	50	70	22	39	20	39	
7	50	80	23	40	21	42	
7	50	90	23	41	21	44	
7	50	100	23	41	21	46	
7	60	0	11	11	11	11	
7	60	12	18	25	18	24	
7	60	24	21	32	21	33	
7	60	36	22	39	21	37	
7	60	48	24	41	22	39	
7	60	60	25	42	23	40	
7	60	72	26	43	23	40	
7	60	84	27	44	24	43	
7	60	96	27	46	24	46	
7	60	108	29	50	26	50	
7	60	120	29	50	26	51	
7	70	0	13	13	13	13	
7	70	14	21	31	21	29	
7	70	28	26	40	25	38	
7	70	42	26	42	25	40	
7	70	56	30	48	27	43	
7	70	70	31	49	28	46	
7	70	84	31	49	28	48	
7	70	98	34	52	29	51	
7	70	112	34	53	30	55	
7	70	126	34	53	30	58	
7	70	140	34	53	30	58	
7	80	0	11	11	11	11	
7	80	16	26	35	25	34	
7	80	32	28	41	26	39	
7	80	48	31	47	29	45	
7	80	64	31	49	29	48	
7	80	80	33	51	30	52	
7	80	96	36	57	33	56	
7	80	112	36	58	34	59	
7	80	128	36	60	34	63	
7	80	144	38	62	35	69	
7	80	160	38	62	35	69	
7	90	0	10	10	10	10	
7	90	18	23	33	21	32	
7	90	36	25	41	23	41	
7	90	54	26	43	24	45	
7	90	72	29	51	28	54	
7	90	90	30	53	29	57	
7	90	108	30	53	29	60	
7	90	126	32	57	30	63	
7	90	144	32	58	30	64	
7	90	162	33	59	30	66	
7	90	180	33	60	30	69	
7	100	0	13	13	13	13	
7	100	20	31	45	30	42	
7	100	40	33	49	30	45	
7	100	60	37	59	35	55	
7	100	80	40	63	36	60	
7	100	100	40	64	36	62	
7	100	120	46	73	36	64	
7	100	140	47	76	36	68	
7	100	160	48	77	37	69	
7	100	180	48	77	37	70	
7	100	200	48	80	37	74	
8	10	0	5	5	5	5	
8	10	2	5	8	5	10	
8	10	4	6	9	6	10	
8	10	6	6	9	6	10	
8	10	8	6	9	6	11	
8	10	10	6	9	6	11	
8	10	12	6	9	6	11	
8	10	14	6	9	6	12	
8	10	16	6	9	6	12	
8	10	18	6	9	6	12	
8	10	20	6	9	6	12	
8	20	0	8	8	8	8	
8	20	4	10	13	9	13	
8	20	8	10	14	9	17	
8	20	12	10	16	9	18	
8	20	16	10	16	9	17	
8	20	20	10	17	9	18	
8	20	24	10	18	9	21	
8	20	28	10	18	9	22	
8	20	32	10	19	9	22	
8	20	36	10	19	9	26	
8	20	40	10	19	9	25	
8	30	0	7	7	7	7	
8	30	6	8	13	8	16	
8	30	12	11	18	10	20	
8	30	18	11	20	11	24	
8	30	24	12	22	11	26	
8	30	30	12	22	11	27	
8	30	36	14	24	11	28	
8	30	42	14	24	11	28	
8	30	48	14	24	11	29	
8	30	54	14	24	11	29	
8	30	60	14	24	11	30	
8	40	0	11	11	11	11	
8	40	8	13	20	13	20	
8	40	16	17	27	17	29	
8	40	24	18	29	18	33	
8	40	32	18	30	18	36	
8	40	40	18	31	18	36	
8	40	48	18	33	18	37	
8	40	56	18	33	18	39	
8	40	64	18	33	18	40	
8	40	72	18	34	18	42	
8	40	80	18	34	18	42	
8	50	0	12	12	12	12	
8	50	10	20	28	19	28	
8	50	20	23	37	23	37	
8	50	30	23	38	23	40	
8	50	40	23	40	23	42	
8	50	50	24	41	24	45	
8	50	60	24	43	24	49	
8	50	70	24	43	24	50	
8	50	80	24	44	24	55	
8	50	90	25	44	24	55	
8	50	100	25	44	24	55	
8	60	0	11	11	11	11	
8	60	12	19	28	19	26	
8	60	24	20	34	20	32	
8	60	36	22	40	22	36	
8	60	48	23	43	22	39	
8	60	60	26	46	22	41	
8	60	72	27	49	23	47	
8	60	84	26	50	25	53	
8	60	96	26	50	25	55	
8	60	108	26	50	25	53	
8	60	120	27	52	26	55	
8	70	0	12	12	12	12	
8	70	14	28	37	26	38	
8	70	28	29	42	27	43	
8	70	42	30	44	28	44	
8	70	56	32	49	29	49	
8	70	70	32	50	30	52	
8	70	84	34	54	30	53	
8	70	98	34	54	30	54	
8	70	112	34	54	32	57	
8	70	126	34	55	32	57	
8	70	140	35	56	33	63	
8	80	0	14	14	14	14	
8	80	16	28	38	26	34	
8	80	32	32	47	27	42	
8	80	48	35	50	26	43	
8	80	64	36	55	28	52	
8	80	80	37	58	31	57	
8	80	96	38	62	33	64	
8	80	112	39	63	33	66	
8	80	128	40	65	34	68	
8	80	144	40	66	34	71	
8	80	160	40	66	34	72	
8	90	0	18	18	18	18	
8	90	18	30	42	27	39	
8	90	36	32	47	27	44	
8	90	54	33	52	27	49	
8	90	72	37	56	31	54	
8	90	90	37	58	33	58	
8	90	108	38	62	35	62	
8	90	126	38	63	35	64	
8	90	144	39	65	35	66	
8	90	162	40	67	35	69	
8	90	180	41	70	35	71	
8	100	0	14	14	14	14	
8	100	20	25	38	24	35	
8	100	40	29	47	28	42	
8	100	60	38	60	34	53	
8	100	80	38	61	35	59	
8	100	100	43	69	37	65	
8	100	120	43	73	39	68	
8	100	140	44	77	39	70	
8	100	160	45	78	39	72	
8	100	180	48	82	42	78	
8	100	200	48	82	42	81	
9	10	0	7	7	7	7	
9	10	2	8	10	8	10	
9	10	4	8	10	8	12	
9	10	6	8	10	8	11	
9	10	8	8	10	8	11	
9	10	10	8	10	8	11	
9	10	12	8	10	8	11	
9	10	14	8	10	8	11	
9	10	16	8	10	8	11	
9	10	18	8	10	8	11	
9	10	20	8	10	8	11	
9	20	0	10	10	10	10	
9	20	4	11	16	11	16	
9	20	8	12	18	12	18	
9	20	12	12	19	12	20	
9	20	16	12	20	12	21	
9	20	20	12	20	12	22	
9	20	24	12	20	12	23	
9	20	28	12	20	12	23	
9	20	32	12	20	12	23	
9	20	36	12	20	12	24	
9	20	40	12	20	12	25	
9	30	0	9	9	9	9	
9	30	6	16	24	16	24	
9	30	12	17	27	17	28	
9	30	18	17	28	17	30	
9	30	24	17	28	17	32	
9	30	30	17	28	17	33	
9	30	36	17	28	17	33	
9	30	42	17	28	17	34	
9	30	48	17	28	17	35	
9	30	54	17	28	17	35	
9	30	60	17	29	17	36	
9	40	0	8	8	8	8	
9	40	8	18	25	15	23	
9	40	16	20	27	15	23	
9	40	24	20	28	16	25	
9	40	32	21	29	18	28	
9	40	40	21	30	20	31	
9	40	48	23	34	22	35	
9	40	56	23	34	22	35	
9	40	64	23	34	22	36	
9	40	72	23	34	22	37	
9	40	80	23	34	22	39	
9	50	0	11	11	11	11	
9	50	10	19	26	17	24	
9	50	20	19	26	18	28	
9	50	30	21	33	20	34	
9	50	40	22	35	21	39	
9	50	50	22	37	21	43	
9	50	60	22	37	21	46	
9	50	70	22	37	21	46	
9	50	80	22	38	21	47	
9	50	90	23	39	22	47	
9	50	100	23	40	22	48	
9	60	0	12	12	12	12	
9	60	12	19	27	18	25	
9	60	24	20	32	19	31	
9	60	36	24	39	23	39	
9	60	48	25	45	24	44	
9	60	60	27	46	26	47	
9	60	72	27	46	26	48	
9	60	84	28	48	26	50	
9	60	96	28	49	26	50	
9	60	108	28	49	26	53	
9	60	120	28	49	26	53	
9	70	0	13	13	13	13	
9	70	14	23	28	22	28	
9	70	28	25	34	25	35	
9	70	42	26	36	25	39	
9	70	56	29	43	26	41	
9	70	70	30	45	27	44	
9	70	84	31	48	28	51	
9	70	98	31	48	28	51	
9	70	112	31	49	28	52	
9	70	126	34	55	31	61	
9	70	140	34	55	33	65	
9	80	0	12	12	12	12	
9	80	16	20	29	19	29	
9	80	32	25	38	22	39	
9	80	48	28	45	25	44	
9	80	64	28	46	25	46	
9	80	80	30	50	27	50	
9	80	96	31	52	27	53	
9	80	112	34	55	27	54	
9	80	128	35	56	28	54	
9	80	144	35	58	28	58	
9	80	160	36	62	29	64	
9	90	0	14	14	14	14	
9	90	18	31	47	31	46	
9	90	36	34	52	33	50	
9	90	54	37	58	35	57	
9	90	72	39	60	35	58	
9	90	90	40	62	36	64	
9	90	108	40	62	36	64	
9	90	126	39	63	37	68	
9	90	144	39	64	37	67	
9	90	162	39	64	37	68	
9	90	180	39	64	37	70	
9	100	0	13	13	13	13	
9	100	20	22	33	21	30	
9	100	40	26	43	25	40	
9	100	60	28	48	25	47	
9	100	80	29	50	26	49	
9	100	100	33	58	29	59	
9	100	120	34	61	29	63	
9	100	140	38	66	31	64	
9	100	160	40	72	33	69	
9	100	180	41	76	36	75	
9	100	200	41	76	37	77	
10	10	0	7	7	7	7	
10	10	2	7	9	7	10	
10	10	4	8	10	8	12	
10	10	6	8	10	8	12	
10	10	8	8	10	8	13	
10	10	10	8	10	8	13	
10	10	12	8	10	8	14	
10	10	14	8	10	8	14	
10	10	16	8	10	8	14	
10	10	18	8	10	8	16	
10	10	20	8	10	8	16	
10	20	0	11	11	11	11	
10	20	4	11	16	11	18	
10	20	8	12	19	12	23	
10	20	12	12	19	12	23	
10	20	16	12	20	12	25	
10	20	20	12	20	12	25	
10	20	24	12	20	12	28	
10	20	28	12	20	12	28	
10	20	32	12	20	12	30	
10	20	36	12	20	12	31	
10	20	40	12	20	12	31	
10	30	0	10	10	10	10	
10	30	6	11	16	11	16	
10	30	12	12	19	12	21	
10	30	18	13	22	13	24	
10	30	24	13	22	13	26	
10	30	30	15	25	15	32	
10	30	36	15	25	15	31	
10	30	42	15	25	15	34	
10	30	48	15	25	15	34	
10	30	54	15	25	15	34	
10	30	60	15	25	15	34	
10	40	0	10	10	10	10	
10	40	8	15	22	14	20	
10	40	16	20	31	19	31	
10	40	24	21	35	19	34	
10	40	32	23	38	19	38	
10	40	40	23	38	19	43	
10	40	48	23	38	21	42	
10	40	56	23	38	21	43	
10	40	64	23	39	21	47	
10	40	72	23	39	21	48	
10	40	80	23	39	21	52	
10	50	0	12	12	12	12	
10	50	10	23	32	20	29	
10	50	20	24	35	20	34	
10	50	30	25	37	21	37	
10	50	40	25	41	21	41	
10	50	50	26	44	22	44	
10	50	60	26	44	22	47	
10	50	70	27	47	23	54	
10	50	80	27	47	23	58	
10	50	90	27	48	23	57	
10	50	100	27	48	23	59	
10	60	0	8	8	8	8	
10	60	12	20	27	17	24	
10	60	24	23	33	19	31	
10	60	36	23	36	20	36	
10	60	48	23	37	20	38	
10	60	60	23	38	20	40	
10	60	72	23	39	21	43	
10	60	84	24	42	23	48	
10	60	96	24	43	23	51	
10	60	108	25	45	23	53	
10	60	120	25	45	23	55	
10	70	0	10	10	10	10	
10	70	14	22	33	19	28	
10	70	28	25	43	23	38	
10	70	42	28	48	25	44	
10	70	56	29	50	26	49	
10	70	70	32	54	27	52	
10	70	84	33	57	28	56	
10	70	98	33	57	28	57	
10	70	112	33	57	29	58	
10	70	126	34	58	30	60	
10	70	140	35	59	31	62	
10	80	0	15	15	15	15	
10	80	16	28	39	30	41	
10	80	32	33	50	34	50	
10	80	48	35	54	35	57	
10	80	64	35	55	35	61	
10	80	80	38	61	35	64	
10	80	96	39	63	37	68	
10	80	112	40	65	39	73	
10	80	128	42	68	41	76	
10	80	144	42	68	41	77	
10	80	160	42	68	41	78	
10	90	0	13	13	13	13	
10	90	18	24	34	24	36	
10	90	36	30	45	29	45	
10	90	54	31	50	30	52	
10	90	72	33	55	31	56	
10	90	90	34	57	32	58	
10	90	108	35	60	31	60	
10	90	126	40	67	35	65	
10	90	144	40	67	36	68	
10	90	162	41	70	37	70	
10	90	180	41	71	37	73	
10	100	0	16	16	16	16	
10	100	20	26	37	26	36	
10	100	40	33	47	33	46	
10	100	60	36	54	36	56	
10	100	80	39	62	38	65	
10	100	100	42	70	39	72	
10	100	120	44	74	43	80	
10	100	140	45	77	44	85	
10	100	160	46	79	44	86	
10	100	180	47	80	45	88	
10	100	200	47	82	45	91	
11	10	0	6	6	6	6	
11	10	2	6	9	6	12	
11	10	4	6	9	6	12	
11	10	6	6	9	6	12	
11	10	8	6	9	6	11	
11	10	10	6	9	6	13	
11	10	12	6	9	6	13	
11	10	14	6	10	6	14	
11	10	16	6	10	6	12	
11	10	18	6	10	6	12	
11	10	20	6	10	6	12	
11	20	0	7	7	7	7	
11	20	4	11	15	11	16	
11	20	8	11	16	11	19	
11	20	12	11	19	11	23	
11	20	16	11	19	11	22	
11	20	20	11	19	11	24	
11	20	24	11	19	11	26	
11	20	28	11	19	11	26	
11	20	32	11	19	11	26	
11	20	36	11	19	11	26	
11	20	40	11	19	11	25	
11	30	0	12	12	12	12	
11	30	6	15	19	15	18	
11	30	12	15	20	15	21	
11	30	18	15	20	15	23	
11	30	24	15	21	15	24	
11	30	30	16	23	15	25	
11	30	36	16	23	15	24	
11	30	42	16	24	15	26	
11	30	48	16	25	15	27	
11	30	54	16	25	15	27	
11	30	60	16	26	15	29	
11	40	0	10	10	10	10	
11	40	8	18	24	17	23	
11	40	16	19	28	19	28	
11	40	24	19	29	19	29	
11	40	32	19	30	19	31	
11	40	40	20	32	19	34	
11	40	48	20	33	19	37	
11	40	56	20	33	19	39	
11	40	64	20	33	19	40	
11	40	72	20	33	19	39	
11	40	80	20	33	19	39	
11	50	0	10	10	10	10	
11	50	10	23	32	19	28	
11	50	20	25	35	22	37	
11	50	30	26	38	23	40	
11	50	40	26	39	23	42	
11	50	50	26	40	23	46	
11	50	60	27	42	24	48	
11	50	70	27	42	24	49	
11	50	80	27	42	24	48	
11	50	90	27	43	24	50	
11	50	100	27	43	25	52	
11	60	0	11	11	11	11	
11	60	12	25	33	19	29	
11	60	24	26	37	23	37	
11	60	36	28	40	26	41	
11	60	48	29	43	27	44	
11	60	60	30	45	29	49	
11	60	72	30	46	29	51	
11	60	84	30	50	29	55	
11	60	96	30	50	29	58	
11	60	108	30	50	29	58	
11	60	120	31	53	30	60	
11	70	0	13	13	13	13	
11	70	14	26	37	21	30	
11	70	28	27	39	22	36	
11	70	42	29	43	23	40	
11	70	56	29	44	24	42	
11	70	70	29	44	24	47	
11	70	84	29	46	24	50	
11	70	98	29	46	24	51	
11	70	112	29	48	24	52	
11	70	126	30	51	26	57	
11	70	140	31	52	27	58	
11	80	0	12	12	12	12	
11	80	16	26	38	26	37	
11	80	32	30	48	29	47	
11	80	48	32	51	29	51	
11	80	64	34	54	30	55	
11	80	80	35	58	30	59	
11	80	96	37	63	31	64	
11	80	112	38	66	33	68	
11	80	128	38	66	33	68	
11	80	144	38	66	33	68	
11	80	160	38	67	34	70	
11	90	0	13	13	13	13	
11	90	18	27	38	26	36	
11	90	36	30	47	28	42	
11	90	54	31	49	28	45	
11	90	72	34	56	30	54	
11	90	90	36	60	32	60	
11	90	108	36	60	32	64	
11	90	126	39	64	33	63	
11	90	144	39	66	33	65	
11	90	162	38	65	34	70	
11	90	180	39	68	35	72	
11	100	0	14	14	14	14	
11	100	20	29	45	27	39	
11	100	40	36	56	32	49	
11	100	60	40	63	35	57	
11	100	80	42	67	36	60	
11	100	100	44	70	37	64	
11	100	120	45	75	40	70	
11	100	140	46	77	42	74	
11	100	160	46	77	42	77	
11	100	180	46	77	42	78	
11	100	200	46	77	42	78	
12	10	0	6	6	6	6	
12	10	2	8	10	7	11	
12	10	4	8	10	7	10	
12	10	6	8	10	7	11	
12	10	8	8	10	7	12	
12	10	10	8	10	7	12	
12	10	12	8	10	7	12	
12	10	14	8	10	7	12	
12	10	16	8	10	7	13	
12	10	18	8	10	7	13	
12	10	20	8	10	7	13	
12	20	0	12	12	12	12	
12	20	4	14	17	14	19	
12	20	8	14	19	14	22	
12	20	12	14	19	14	23	
12	20	16	14	19	14	24	
12	20	20	14	19	14	24	
12	20	24	14	19	14	24	
12	20	28	14	20	14	26	
12	20	32	14	20	14	26	
12	20	36	14	20	14	26	
12	20	40	14	20	14	27	
12	30	0	9	9	9	9	
12	30	6	10	15	10	15	
12	30	12	11	21	11	21	
12	30	18	12	22	11	21	
12	30	24	13	24	12	22	
12	30	30	14	26	13	26	
12	30	36	15	27	13	27	
12	30	42	16	28	13	28	
12	30	48	16	28	13	32	
12	30	54	16	28	14	34	
12	30	60	16	28	14	35	
12	40	0	9	9	9	9	
12	40	8	15	21	14	21	
12	40	16	18	26	16	27	
12	40	24	20	30	16	29	
12	40	32	20	33	16	34	
12	40	40	20	34	16	36	
12	40	48	20	35	17	39	
12	40	56	20	36	18	41	
12	40	64	20	36	18	43	
12	40	72	20	36	18	43	
12	40	80	20	36	18	44	
12	50	0	10	10	10	10	
12	50	10	16	23	15	22	
12	50	20	20	28	18	26	
12	50	30	21	31	18	31	
12	50	40	23	36	19	36	
12	50	50	23	36	19	38	
12	50	60	23	37	19	37	
12	50	70	23	37	19	39	
12	50	80	24	38	19	40	
12	50	90	24	39	19	42	
12	50	100	24	39	19	43	
12	60	0	7	7	7	7	
12	60	12	17	25	17	26	
12	60	24	18	29	17	29	
12	60	36	19	32	18	32	
12	60	48	19	32	18	33	
12	60	60	23	39	21	39	
12	60	72	24	41	21	40	
12	60	84	25	45	22	46	
12	60	96	27	50	25	51	
12	60	108	29	53	25	51	
12	60	120	31	56	26	56	
12	70	0	10	10	10	10	
12	70	14	20	29	18	26	
12	70	28	27	41	24	35	
12	70	42	27	45	24	41	
12	70	56	27	48	24	42	
12	70	70	27	48	24	45	
12	70	84	28	51	25	50	
12	70	98	28	53	25	52	
12	70	112	30	56	26	57	
12	70	126	30	56	26	58	
12	70	140	30	56	26	57	
12	80	0	15	15	15	15	
12	80	16	30	41	25	36	
12	80	32	32	48	28	45	
12	80	48	33	52	29	50	
12	80	64	38	62	33	59	
12	80	80	39	63	33	61	
12	80	96	40	64	35	62	
12	80	112	40	65	36	64	
12	80	128	40	65	36	66	
12	80	144	42	70	37	71	
12	80	160	44	73	39	75	
12	90	0	13	13	13	13	
12	90	18	23	35	22	34	
12	90	36	26	41	24	40	
12	90	54	29	48	27	48	
12	90	72	35	56	33	57	
12	90	90	37	59	33	61	
12	90	108	40	63	35	63	
12	90	126	40	63	35	64	
12	90	144	40	63	35	66	
12	90	162	42	67	37	70	
12	90	180	43	69	37	74	
12	100	0	11	11	11	11	
12	100	20	31	44	29	42	
12	100	40	36	56	34	51	
12	100	60	40	64	37	58	
12	100	80	44	70	40	67	
12	100	100	44	71	41	69	
12	100	120	44	72	41	72	
12	100	140	45	76	42	75	
12	100	160	46	78	42	76	
12	100	180	47	81	42	79	
12	100	200	47	81	42	79	
13	10	0	7	7	7	7	
13	10	2	7	10	7	9	
13	10	4	7	10	7	12	
13	10	6	7	10	7	13	
13	10	8	7	10	7	14	
13	10	10	7	10	7	14	
13	10	12	7	10	7	15	
13	10	14	7	10	7	16	
13	10	16	7	10	7	17	
13	10	18	7	10	7	17	
13	10	20	7	10	7	15	
13	20	0	8	8	8	8	
13	20	4	11	15	9	13	
13	20	8	11	15	9	15	
13	20	12	11	16	9	16	
13	20	16	11	16	9	15	
13	20	20	11	17	9	16	
13	20	24	11	17	9	18	
13	20	28	11	18	9	21	
13	20	32	11	18	9	21	
13	20	36	11	18	9	21	
13	20	40	11	18	9	22	
13	30	0	7	7	7	7	
13	30	6	11	17	11	18	
13	30	12	11	17	11	20	
13	30	18	11	19	11	22	
13	30	24	12	20	11	22	
13	30	30	12	22	11	27	
13	30	36	12	22	11	29	
13	30	42	12	24	11	32	
13	30	48	12	24	11	30	
13	30	54	12	24	11	30	
13	30	60	12	24	11	31	
13	40	0	10	10	10	10	
13	40	8	15	21	14	22	
13	40	16	18	27	17	32	
13	40	24	19	30	18	34	
13	40	32	21	34	19	40	
13	40	40	22	35	19	39	
13	40	48	22	36	21	41	
13	40	56	22	36	21	43	
13	40	64	22	36	21	43	
13	40	72	23	38	21	43	
13	40	80	23	38	21	43	
13	50	0	11	11	11	11	
13	50	10	21	30	19	27	
13	50	20	21	32	19	32	
13	50	30	22	34	20	35	
13	50	40	24	40	21	40	
13	50	50	24	40	22	40	
13	50	60	26	42	23	44	
13	50	70	27	45	25	49	
13	50	80	27	45	25	50	
13	50	90	27	46	25	52	
13	50	100	28	48	26	56	
13	60	0	11	11	11	11	
13	60	12	21	30	19	29	
13	60	24	23	38	21	36	
13	60	36	26	43	22	39	
13	60	48	26	44	24	45	
13	60	60	26	49	25	48	
13	60	72	26	49	25	49	
13	60	84	26	49	25	51	
13	60	96	26	49	25	51	
13	60	108	26	49	25	52	
13	60	120	26	49	25	53	
13	70	0	11	11	11	11	
13	70	14	29	39	26	36	
13	70	28	30	43	27	42	
13	70	42	30	44	27	41	
13	70	56	30	44	27	44	
13	70	70	32	50	28	51	
13	70	84	34	53	30	57	
13	70	98	34	54	30	59	
13	70	112	34	54	30	58	
13	70	126	36	58	32	60	
13	70	140	36	58	32	60	
13	80	0	13	13	13	13	
13	80	16	25	37	24	34	
13	80	32	28	42	26	41	
13	80	48	37	55	30	48	
13	80	64	37	55	30	49	
13	80	80	37	55	32	53	
13	80	96	38	58	32	55	
13	80	112	43	65	39	63	
13	80	128	43	65	39	65	
13	80	144	44	67	40	67	
13	80	160	45	71	41	70	
13	90	0	14	14	14	14	
13	90	18	26	39	25	39	
13	90	36	30	48	29	49	
13	90	54	30	48	29	50	
13	90	72	31	49	29	53	
13	90	90	35	56	33	58	
13	90	108	36	59	34	61	
13	90	126	39	64	35	64	
13	90	144	39	64	37	67	
13	90	162	39	64	37	68	
13	90	180	40	65	37	69	
13	100	0	14	14	14	14	
13	100	20	31	44	31	43	
