seed	BD	V	N	t_sec	n_invisible	p_invisible	
1	6	10	0	0.4508	10	1	
1	6	10	10	0.5402	3	0.3	
1	6	10	20	0.4222	2	0.2	
1	6	10	30	0.4076	1	0.1	
1	6	10	40	0.3964	1	0.1	
1	6	10	50	0.5088	0	0	
1	6	10	60	0.4564	2	0.2	
1	6	10	70	0.4364	2	0.2	
1	6	10	80	0.412	1	0.1	
1	6	10	90	0.39	0	0	
1	6	10	100	0.4456	0	0	
1	6	20	0	0.8126	20	1	
1	6	20	10	0.6568	4	0.2	
1	6	20	20	0.6104	4	0.2	
1	6	20	30	0.674	1	0.05	
1	6	20	40	0.6184	3	0.15	
1	6	20	50	0.5642	2	0.1	
1	6	20	60	0.6634	2	0.1	
1	6	20	70	0.6552	1	0.05	
1	6	20	80	0.5694	1	0.05	
1	6	20	90	0.5306	0	0	
1	6	20	100	0.5792	0	0	
1	6	30	0	1.067	30	1	
1	6	30	10	1.0152	15	0.5	
1	6	30	20	1.0736	14	0.466666666666667	
1	6	30	30	0.9458	10	0.333333333333333	
1	6	30	40	0.9296	6	0.2	
1	6	30	50	1.0171	9	0.3	
1	6	30	60	0.9925	8	0.266666666666667	
1	6	30	70	0.8626	4	0.133333333333333	
1	6	30	80	0.985	7	0.233333333333333	
1	6	30	90	0.9204	6	0.2	
1	6	30	100	0.839	3	0.1	
1	6	40	0	1.5519	40	1	
1	6	40	10	1.3956	22	0.55	
1	6	40	20	1.2086	16	0.4	
1	6	40	30	1.1898	13	0.325	
1	6	40	40	1.1547	12	0.3	
1	6	40	50	1.0538	7	0.175	
1	6	40	60	1.0484	9	0.225	
1	6	40	70	1.0484	5	0.125	
1	6	40	80	1.0182	3	0.075	
1	6	40	90	1.1163	5	0.125	
1	6	40	100	0.9362	3	0.075	
1	6	50	0	2.5375	50	1	
1	6	50	10	2.6667	34	0.68	
1	6	50	20	1.8303	23	0.46	
1	6	50	30	1.6231	18	0.36	
1	6	50	40	1.4421	12	0.24	
1	6	50	50	1.4055	13	0.26	
1	6	50	60	1.4819	15	0.3	
1	6	50	70	1.5663	16	0.32	
1	6	50	80	1.3027	9	0.18	
1	6	50	90	1.3578	12	0.24	
1	6	50	100	1.2972	10	0.2	
1	6	60	0	2.5339	60	1	
1	6	60	10	2.4753	42	0.7	
1	6	60	20	2.1501	28	0.466666666666667	
1	6	60	30	2.4521	29	0.483333333333333	
1	6	60	40	1.6951	19	0.316666666666667	
1	6	60	50	1.9887	22	0.366666666666667	
1	6	60	60	1.9379	19	0.316666666666667	
1	6	60	70	2.0379	19	0.316666666666667	
1	6	60	80	1.6555	13	0.216666666666667	
1	6	60	90	1.7039	9	0.15	
1	6	60	100	1.6091	12	0.2	
1	6	70	0	2.8039	70	1	
1	6	70	10	2.6949	43	0.614285714285714	
1	6	70	20	2.2531	41	0.585714285714286	
1	6	70	30	2.1853	33	0.471428571428571	
1	6	70	40	1.9163	23	0.328571428571429	
1	6	70	50	1.8699	19	0.271428571428571	
1	6	70	60	2.0125	20	0.285714285714286	
1	6	70	70	1.8377	17	0.242857142857143	
1	6	70	80	2.0635	18	0.257142857142857	
1	6	70	90	1.8023	13	0.185714285714286	
1	6	70	100	1.9491	14	0.2	
1	6	80	0	3.278	80	1	
1	6	80	10	2.9629	60	0.75	
1	6	80	20	3.0786	48	0.6	
1	6	80	30	2.6297	50	0.625	
1	6	80	40	2.3807	35	0.4375	
1	6	80	50	2.5077	40	0.5	
1	6	80	60	2.5835	29	0.3625	
1	6	80	70	2.5229	32	0.4	
1	6	80	80	2.2679	24	0.3	
1	6	80	90	2.3113	25	0.3125	
1	6	80	100	2.5202	27	0.3375	
1	6	90	0	3.8064	90	1	
1	6	90	10	3.1756	50	0.555555555555556	
1	6	90	20	2.9149	51	0.566666666666667	
1	6	90	30	2.8905	45	0.5	
1	6	90	40	2.6089	38	0.422222222222222	
1	6	90	50	2.6945	31	0.344444444444444	
1	6	90	60	2.5637	29	0.322222222222222	
1	6	90	70	2.5897	29	0.322222222222222	
1	6	90	80	2.4731	29	0.322222222222222	
1	6	90	90	2.3331	26	0.288888888888889	
1	6	90	100	2.3667	21	0.233333333333333	
1	6	100	0	3.6495	100	1	
1	6	100	10	3.3033	68	0.68	
1	6	100	20	3.3819	62	0.62	
1	6	100	30	3.1889	56	0.56	
1	6	100	40	3.1525	45	0.45	
1	6	100	50	2.8833	37	0.37	
1	6	100	60	3.2501	38	0.38	
1	6	100	70	3.0621	37	0.37	
1	6	100	80	3.0011	39	0.39	
1	6	100	90	2.7809	28	0.28	
1	6	100	100	3.0509	34	0.34	
2	6	10	0	0.4866	10	1	
2	6	10	10	0.3504	1	0.1	
2	6	10	20	0.4328	1	0.1	
2	6	10	30	0.3588	0	0	
2	6	10	40	0.3454	0	0	
2	6	10	50	0.339	0	0	
2	6	10	60	0.3828	0	0	
2	6	10	70	0.4074	0	0	
2	6	10	80	0.4334	0	0	
2	6	10	90	0.4212	0	0	
2	6	10	100	0.4254	0	0	
2	6	20	0	0.8066	20	1	
2	6	20	10	0.6896	5	0.25	
2	6	20	20	0.628	6	0.3	
2	6	20	30	0.578	3	0.15	
2	6	20	40	0.5658	1	0.05	
2	6	20	50	0.5928	2	0.1	
2	6	20	60	0.5896	2	0.1	
2	6	20	70	0.5714	2	0.1	
2	6	20	80	0.624	3	0.15	
2	6	20	90	0.5658	1	0.05	
2	6	20	100	0.555	1	0.05	
2	6	30	0	1.216	30	1	
2	6	30	10	1.0404	17	0.566666666666667	
2	6	30	20	0.9332	12	0.4	
2	6	30	30	0.9864	13	0.433333333333333	
2	6	30	40	0.9714	13	0.433333333333333	
2	6	30	50	0.8642	7	0.233333333333333	
2	6	30	60	0.8748	8	0.266666666666667	
2	6	30	70	0.8546	5	0.166666666666667	
2	6	30	80	0.962	9	0.3	
2	6	30	90	0.86	4	0.133333333333333	
2	6	30	100	0.9396	9	0.3	
2	6	40	0	1.4646	40	1	
2	6	40	10	1.2096	18	0.45	
2	6	40	20	1.2827	20	0.5	
2	6	40	30	1.1288	9	0.225	
2	6	40	40	1.299	16	0.4	
2	6	40	50	1.1706	11	0.275	
2	6	40	60	1.1001	8	0.2	
2	6	40	70	1.3192	13	0.325	
2	6	40	80	1.1628	7	0.175	
2	6	40	90	1.3282	5	0.125	
2	6	40	100	1.3215	7	0.175	
2	6	50	0	1.7979	50	1	
2	6	50	10	1.6434	29	0.58	
2	6	50	20	1.7065	26	0.52	
2	6	50	30	1.3725	19	0.38	
2	6	50	40	1.4558	14	0.28	
2	6	50	50	1.4303	17	0.34	
2	6	50	60	1.3634	10	0.2	
2	6	50	70	1.5203	8	0.16	
2	6	50	80	1.3946	6	0.12	
2	6	50	90	1.5758	12	0.24	
2	6	50	100	1.2331	3	0.06	
2	6	60	0	2.2657	60	1	
2	6	60	10	2.0967	38	0.633333333333333	
2	6	60	20	2.2879	30	0.5	
2	6	60	30	2.1025	23	0.383333333333333	
2	6	60	40	1.6862	17	0.283333333333333	
2	6	60	50	1.7019	16	0.266666666666667	
2	6	60	60	1.8073	14	0.233333333333333	
2	6	60	70	1.8745	15	0.25	
2	6	60	80	1.6021	10	0.166666666666667	
2	6	60	90	1.5807	11	0.183333333333333	
2	6	60	100	1.5973	11	0.183333333333333	
2	6	70	0	2.8449	70	1	
2	6	70	10	2.8931	44	0.628571428571429	
2	6	70	20	2.7125	37	0.528571428571429	
2	6	70	30	2.5087	35	0.5	
2	6	70	40	2.0977	24	0.342857142857143	
2	6	70	50	2.1947	24	0.342857142857143	
2	6	70	60	2.1705	23	0.328571428571429	
2	6	70	70	2.0303	22	0.314285714285714	
2	6	70	80	2.1359	19	0.271428571428571	
2	6	70	90	2.1709	17	0.242857142857143	
2	6	70	100	1.9831	15	0.214285714285714	
2	6	80	0	3.1003	80	1	
2	6	80	10	2.8825	55	0.6875	
2	6	80	20	2.5289	43	0.5375	
2	6	80	30	2.6357	34	0.425	
2	6	80	40	2.2547	25	0.3125	
2	6	80	50	2.1756	31	0.3875	
2	6	80	60	2.1763	22	0.275	
2	6	80	70	2.2753	23	0.2875	
2	6	80	80	2.1643	23	0.2875	
2	6	80	90	2.1302	19	0.2375	
2	6	80	100	2.1873	22	0.275	
2	6	90	0	3.507	90	1	
2	6	90	10	2.9133	50	0.555555555555556	
2	6	90	20	2.9183	48	0.533333333333333	
2	6	90	30	2.5631	31	0.344444444444444	
2	6	90	40	2.5837	33	0.366666666666667	
2	6	90	50	2.5863	32	0.355555555555556	
2	6	90	60	2.6159	33	0.366666666666667	
2	6	90	70	2.5605	27	0.3	
2	6	90	80	2.6235	23	0.255555555555556	
2	6	90	90	2.8713	23	0.255555555555556	
2	6	90	100	2.4891	23	0.255555555555556	
2	6	100	0	4.2744	100	1	
2	6	100	10	4.1147	76	0.76	
2	6	100	20	3.6347	65	0.65	
2	6	100	30	3.2553	53	0.53	
2	6	100	40	3.3361	48	0.48	
2	6	100	50	3.0843	44	0.44	
2	6	100	60	3.2423	47	0.47	
2	6	100	70	3.1201	43	0.43	
2	6	100	80	3.1609	42	0.42	
2	6	100	90	3.2093	39	0.39	
2	6	100	100	2.9435	31	0.31	
3	6	10	0	0.4622	10	1	
3	6	10	10	0.5312	5	0.5	
3	6	10	20	0.5836	3	0.3	
3	6	10	30	0.4544	3	0.3	
3	6	10	40	0.3922	1	0.1	
3	6	10	50	0.4426	2	0.2	
3	6	10	60	0.4942	2	0.2	
3	6	10	70	0.4998	2	0.2	
3	6	10	80	0.4244	2	0.2	
3	6	10	90	0.4096	1	0.1	
3	6	10	100	0.421	1	0.1	
3	6	20	0	0.8024	20	1	
3	6	20	10	0.7374	9	0.45	
3	6	20	20	0.7138	8	0.4	
3	6	20	30	0.6252	3	0.15	
3	6	20	40	0.624	3	0.15	
3	6	20	50	0.6246	2	0.1	
3	6	20	60	0.6308	2	0.1	
3	6	20	70	0.624	1	0.05	
3	6	20	80	0.5844	1	0.05	
3	6	20	90	0.5941	2	0.1	
3	6	20	100	0.6832	1	0.05	
3	6	30	0	1.0816	30	1	
3	6	30	10	0.9236	11	0.366666666666667	
3	6	30	20	0.753	9	0.3	
3	6	30	30	0.754	6	0.2	
3	6	30	40	0.6946	2	0.0666666666666667	
3	6	30	50	0.792	6	0.2	
3	6	30	60	0.7646	4	0.133333333333333	
3	6	30	70	0.7676	4	0.133333333333333	
3	6	30	80	0.727	2	0.0666666666666667	
3	6	30	90	0.7144	1	0.0333333333333333	
3	6	30	100	0.7344	2	0.0666666666666667	
3	6	40	0	1.445	40	1	
3	6	40	10	1.5926	28	0.7	
3	6	40	20	1.4492	23	0.575	
3	6	40	30	1.175	13	0.325	
3	6	40	40	1.2134	14	0.35	
3	6	40	50	1.1576	11	0.275	
3	6	40	60	1.1298	9	0.225	
3	6	40	70	1.2094	10	0.25	
3	6	40	80	1.1774	8	0.2	
3	6	40	90	1.2234	10	0.25	
3	6	40	100	1.1356	7	0.175	
3	6	50	0	1.739	50	1	
3	6	50	10	1.5606	34	0.68	
3	6	50	20	1.4952	26	0.52	
3	6	50	30	1.5224	23	0.46	
3	6	50	40	1.4782	20	0.4	
3	6	50	50	1.4562	16	0.32	
3	6	50	60	1.4106	13	0.26	
3	6	50	70	1.5242	16	0.32	
3	6	50	80	1.3484	11	0.22	
3	6	50	90	1.4388	12	0.24	
3	6	50	100	1.3506	13	0.26	
3	6	60	0	2.1384	60	1	
3	6	60	10	2.2558	43	0.716666666666667	
3	6	60	20	1.9201	28	0.466666666666667	
3	6	60	30	1.8104	23	0.383333333333333	
3	6	60	40	1.7445	22	0.366666666666667	
3	6	60	50	1.8735	19	0.316666666666667	
3	6	60	60	1.7388	16	0.266666666666667	
3	6	60	70	1.7125	16	0.266666666666667	
3	6	60	80	1.9806	20	0.333333333333333	
3	6	60	90	1.56	11	0.183333333333333	
3	6	60	100	1.6443	10	0.166666666666667	
3	6	70	0	2.5086	70	1	
3	6	70	10	2.3761	49	0.7	
3	6	70	20	2.1784	40	0.571428571428571	
3	6	70	30	2.1625	29	0.414285714285714	
3	6	70	40	2.2937	32	0.457142857142857	
3	6	70	50	2.079	27	0.385714285714286	
3	6	70	60	1.9881	18	0.257142857142857	
3	6	70	70	2.0215	19	0.271428571428571	
3	6	70	80	1.9471	16	0.228571428571429	
3	6	70	90	1.9035	13	0.185714285714286	
3	6	70	100	1.9341	14	0.2	
3	6	80	0	2.9823	80	1	
3	6	80	10	2.7557	52	0.65	
3	6	80	20	2.5733	45	0.5625	
3	6	80	30	2.5321	41	0.5125	
3	6	80	40	2.3877	32	0.4	
3	6	80	50	2.1269	22	0.275	
3	6	80	60	2.2861	25	0.3125	
3	6	80	70	2.3221	24	0.3	
3	6	80	80	2.3765	25	0.3125	
3	6	80	90	2.0813	17	0.2125	
3	6	80	100	2.4149	18	0.225	
3	6	90	0	3.2748	90	1	
3	6	90	10	3.1414	62	0.688888888888889	
3	6	90	20	3.2902	47	0.522222222222222	
3	6	90	30	2.9576	47	0.522222222222222	
3	6	90	40	2.6585	40	0.444444444444444	
3	6	90	50	2.8179	43	0.477777777777778	
3	6	90	60	2.6505	37	0.411111111111111	
3	6	90	70	2.6487	29	0.322222222222222	
3	6	90	80	2.787	32	0.355555555555556	
3	6	90	90	2.5627	22	0.244444444444444	
3	6	90	100	2.6982	32	0.355555555555556	
3	6	100	0	3.884	100	1	
3	6	100	10	3.9414	79	0.79	
3	6	100	20	3.1553	53	0.53	
3	6	100	30	3.1172	48	0.48	
3	6	100	40	3.162	51	0.51	
3	6	100	50	3.689	45	0.45	
3	6	100	60	2.8138	32	0.32	
3	6	100	70	2.7133	32	0.32	
3	6	100	80	3.2296	35	0.35	
3	6	100	90	3.247	42	0.42	
3	6	100	100	2.8533	32	0.32	
4	6	10	0	0.4016	10	1	
4	6	10	10	0.4802	7	0.7	
4	6	10	20	0.4684	4	0.4	
4	6	10	30	0.435	2	0.2	
4	6	10	40	0.6154	2	0.2	
4	6	10	50	0.6101	1	0.1	
4	6	10	60	0.5504	0	0	
4	6	10	70	0.468	2	0.2	
4	6	10	80	0.521	2	0.2	
4	6	10	90	0.4332	1	0.1	
4	6	10	100	0.3566	1	0.1	
4	6	20	0	0.7394	20	1	
4	6	20	10	0.7988	11	0.55	
4	6	20	20	0.745	10	0.5	
4	6	20	30	0.607	4	0.2	
4	6	20	40	0.7132	7	0.35	
4	6	20	50	0.702	5	0.25	
4	6	20	60	0.5512	2	0.1	
4	6	20	70	0.6272	2	0.1	
4	6	20	80	0.5928	3	0.15	
4	6	20	90	0.5808	2	0.1	
4	6	20	100	0.6178	3	0.15	
4	6	30	0	1.1608	30	1	
4	6	30	10	1.0338	15	0.5	
4	6	30	20	0.9724	13	0.433333333333333	
4	6	30	30	1.1714	14	0.466666666666667	
4	6	30	40	0.9402	7	0.233333333333333	
4	6	30	50	0.8622	7	0.233333333333333	
4	6	30	60	0.868	9	0.3	
4	6	30	70	0.8502	6	0.2	
4	6	30	80	0.8272	5	0.166666666666667	
4	6	30	90	0.8178	5	0.166666666666667	
4	6	30	100	0.9396	6	0.2	
4	6	40	0	1.4706	40	1	
4	6	40	10	1.2858	19	0.475	
4	6	40	20	1.3309	15	0.375	
4	6	40	30	1.1315	7	0.175	
4	6	40	40	1.1682	11	0.275	
4	6	40	50	1.3168	13	0.325	
4	6	40	60	1.1605	7	0.175	
4	6	40	70	1.1562	6	0.15	
4	6	40	80	1.0672	3	0.075	
4	6	40	90	1.1372	4	0.1	
4	6	40	100	1.1839	8	0.2	
4	6	50	0	1.7138	50	1	
4	6	50	10	1.8091	38	0.76	
4	6	50	20	1.8261	34	0.68	
4	6	50	30	1.5196	21	0.42	
4	6	50	40	1.4382	16	0.32	
4	6	50	50	1.4367	20	0.4	
4	6	50	60	1.5236	16	0.32	
4	6	50	70	1.4833	16	0.32	
4	6	50	80	1.4603	19	0.38	
4	6	50	90	1.4202	12	0.24	
4	6	50	100	1.3045	6	0.12	
4	6	60	0	2.3251	60	1	
4	6	60	10	1.8846	28	0.466666666666667	
4	6	60	20	2.0807	32	0.533333333333333	
4	6	60	30	2.2211	25	0.416666666666667	
4	6	60	40	2.4947	24	0.4	
4	6	60	50	2.7029	17	0.283333333333333	
4	6	60	60	2.0213	18	0.3	
4	6	60	70	2.0382	20	0.333333333333333	
4	6	60	80	1.7097	11	0.183333333333333	
4	6	60	90	1.8563	20	0.333333333333333	
4	6	60	100	1.7681	10	0.166666666666667	
4	6	70	0	2.6059	70	1	
4	6	70	10	2.2795	42	0.6	
4	6	70	20	2.1981	34	0.485714285714286	
4	6	70	30	2.2401	31	0.442857142857143	
4	6	70	40	2.0035	19	0.271428571428571	
4	6	70	50	2.2531	31	0.442857142857143	
4	6	70	60	2.1501	25	0.357142857142857	
4	6	70	70	1.9759	17	0.242857142857143	
4	6	70	80	2.3407	19	0.271428571428571	
4	6	70	90	2.1791	16	0.228571428571429	
4	6	70	100	2.0191	15	0.214285714285714	
4	6	80	0	3.0087	80	1	
4	6	80	10	2.5367	48	0.6	
4	6	80	20	2.5039	40	0.5	
4	6	80	30	2.3595	35	0.4375	
4	6	80	40	2.6423	40	0.5	
4	6	80	50	2.4037	25	0.3125	
4	6	80	60	2.5423	29	0.3625	
4	6	80	70	2.4351	27	0.3375	
4	6	80	80	2.3947	27	0.3375	
4	6	80	90	2.3767	24	0.3	
4	6	80	100	2.0815	18	0.225	
4	6	90	0	3.4503	90	1	
4	6	90	10	3.0706	64	0.711111111111111	
4	6	90	20	2.9105	44	0.488888888888889	
4	6	90	30	3.1099	40	0.444444444444444	
4	6	90	40	2.9211	47	0.522222222222222	
4	6	90	50	2.6311	40	0.444444444444444	
4	6	90	60	2.5505	28	0.311111111111111	
4	6	90	70	2.6251	35	0.388888888888889	
4	6	90	80	2.6691	33	0.366666666666667	
4	6	90	90	2.7323	30	0.333333333333333	
4	6	90	100	2.8349	32	0.355555555555556	
4	6	100	0	3.6432	100	1	
4	6	100	10	3.4927	73	0.73	
4	6	100	20	3.1759	59	0.59	
4	6	100	30	3.1799	55	0.55	
4	6	100	40	3.1267	53	0.53	
4	6	100	50	3.0707	43	0.43	
4	6	100	60	2.7442	35	0.35	
4	6	100	70	2.8171	42	0.42	
4	6	100	80	2.8335	34	0.34	
4	6	100	90	2.6863	33	0.33	
4	6	100	100	2.7052	31	0.31	
5	6	10	0	0.4184	10	1	
5	6	10	10	0.404	5	0.5	
5	6	10	20	0.3588	5	0.5	
5	6	10	30	0.3684	3	0.3	
5	6	10	40	0.3684	2	0.2	
5	6	10	50	0.3744	2	0.2	
5	6	10	60	0.3784	2	0.2	
5	6	10	70	0.4078	2	0.2	
5	6	10	80	0.4378	1	0.1	
5	6	10	90	0.433	1	0.1	
5	6	10	100	0.4322	1	0.1	
5	6	20	0	0.766	20	1	
5	6	20	10	0.7782	11	0.55	
5	6	20	20	0.6242	6	0.3	
5	6	20	30	0.5626	3	0.15	
5	6	20	40	0.6756	7	0.35	
5	6	20	50	0.6854	6	0.3	
5	6	20	60	0.6936	4	0.2	
5	6	20	70	0.8609	4	0.2	
5	6	20	80	0.9791	4	0.2	
5	6	20	90	1.0471	2	0.1	
5	6	20	100	0.8131	3	0.15	
5	6	30	0	1.1811	30	1	
5	6	30	10	0.9481	12	0.4	
5	6	30	20	1.0971	9	0.3	
5	6	30	30	0.9239	8	0.266666666666667	
5	6	30	40	0.809	7	0.233333333333333	
5	6	30	50	0.8912	7	0.233333333333333	
5	6	30	60	0.7226	5	0.166666666666667	
5	6	30	70	0.7596	5	0.166666666666667	
5	6	30	80	0.7488	5	0.166666666666667	
5	6	30	90	0.7332	3	0.1	
5	6	30	100	0.781	5	0.166666666666667	
5	6	40	0	1.7299	40	1	
5	6	40	10	1.3164	23	0.575	
5	6	40	20	1.2734	17	0.425	
5	6	40	30	1.3628	11	0.275	
5	6	40	40	1.3121	10	0.25	
5	6	40	50	1.3508	14	0.35	
5	6	40	60	1.116	8	0.2	
5	6	40	70	1.8841	6	0.15	
5	6	40	80	1.2012	8	0.2	
5	6	40	90	1.1718	7	0.175	
5	6	40	100	1.0814	4	0.1	
5	6	50	0	2.0091	50	1	
5	6	50	10	1.8574	32	0.64	
5	6	50	20	1.9242	25	0.5	
5	6	50	30	1.9816	22	0.44	
5	6	50	40	1.482	15	0.3	
5	6	50	50	1.4996	16	0.32	
5	6	50	60	1.3614	12	0.24	
5	6	50	70	1.5288	17	0.34	
5	6	50	80	1.3728	8	0.16	
5	6	50	90	1.3076	8	0.16	
5	6	50	100	1.5912	6	0.12	
5	6	60	0	2.5523	60	1	
5	6	60	10	2.1062	33	0.55	
5	6	60	20	1.9502	33	0.55	
5	6	60	30	1.7972	20	0.333333333333333	
5	6	60	40	1.7882	24	0.4	
5	6	60	50	1.8752	24	0.4	
5	6	60	60	2.2122	23	0.383333333333333	
5	6	60	70	1.9752	21	0.35	
5	6	60	80	2.0462	19	0.316666666666667	
5	6	60	90	1.8542	16	0.266666666666667	
5	6	60	100	1.6422	9	0.15	
5	6	70	0	2.5733	70	1	
5	6	70	10	2.3352	47	0.671428571428571	
5	6	70	20	2.4292	40	0.571428571428571	
5	6	70	30	2.1672	30	0.428571428571429	
5	6	70	40	2.0202	24	0.342857142857143	
5	6	70	50	2.2802	35	0.5	
5	6	70	60	1.9682	22	0.314285714285714	
5	6	70	70	2.1002	22	0.314285714285714	
5	6	70	80	1.9532	18	0.257142857142857	
5	6	70	90	1.8142	14	0.2	
5	6	70	100	2.0282	19	0.271428571428571	
5	6	80	0	2.8983	80	1	
5	6	80	10	2.4983	47	0.5875	
5	6	80	20	2.7293	51	0.6375	
5	6	80	30	2.5383	42	0.525	
5	6	80	40	2.3452	35	0.4375	
5	6	80	50	2.4252	36	0.45	
5	6	80	60	2.1512	24	0.3	
5	6	80	70	2.1832	23	0.2875	
5	6	80	80	2.3852	31	0.3875	
5	6	80	90	2.4762	33	0.4125	
5	6	80	100	2.4622	24	0.3	
5	6	90	0	3.7484	90	1	
5	6	90	10	3.0913	55	0.611111111111111	
5	6	90	20	2.6373	44	0.488888888888889	
5	6	90	30	2.7603	39	0.433333333333333	
5	6	90	40	2.6813	34	0.377777777777778	
5	6	90	50	2.6663	43	0.477777777777778	
5	6	90	60	2.6583	35	0.388888888888889	
5	6	90	70	2.5603	32	0.355555555555556	
5	6	90	80	2.4983	28	0.311111111111111	
5	6	90	90	2.4862	29	0.322222222222222	
5	6	90	100	2.3422	20	0.222222222222222	
5	6	100	0	3.9724	100	1	
5	6	100	10	3.8604	79	0.79	
5	6	100	20	3.2563	56	0.56	
5	6	100	30	3.1043	46	0.46	
5	6	100	40	2.8993	42	0.42	
5	6	100	50	3.5554	48	0.48	
5	6	100	60	2.8573	34	0.34	
5	6	100	70	2.8333	35	0.35	
5	6	100	80	2.7463	34	0.34	
5	6	100	90	3.1507	35	0.35	
5	6	100	100	2.8004	35	0.35	
6	6	10	0	0.3462	10	1	
6	6	10	10	0.4212	4	0.4	
6	6	10	20	0.3432	3	0.3	
6	6	10	30	0.312	1	0.1	
6	6	10	40	0.4056	0	0	
6	6	10	50	0.3276	0	0	
6	6	10	60	0.345	0	0	
6	6	10	70	0.3562	0	0	
6	6	10	80	0.3588	0	0	
6	6	10	90	0.3744	0	0	
6	6	10	100	0.3588	0	0	
6	6	20	0	0.7488	20	1	
6	6	20	10	0.6396	7	0.35	
6	6	20	20	0.7801	11	0.55	
6	6	20	30	0.6562	5	0.25	
6	6	20	40	0.6396	4	0.2	
6	6	20	50	0.5854	3	0.15	
6	6	20	60	0.6674	3	0.15	
6	6	20	70	0.6728	4	0.2	
6	6	20	80	0.6396	2	0.1	
6	6	20	90	0.8445	2	0.1	
6	6	20	100	0.6884	2	0.1	
6	6	30	0	1.1809	30	1	
6	6	30	10	1.0785	21	0.7	
6	6	30	20	0.8113	6	0.2	
6	6	30	30	0.8133	7	0.233333333333333	
6	6	30	40	0.8581	7	0.233333333333333	
6	6	30	50	0.8073	5	0.166666666666667	
6	6	30	60	0.8407	6	0.2	
6	6	30	70	0.7957	5	0.166666666666667	
6	6	30	80	0.7821	5	0.166666666666667	
6	6	30	90	0.7801	5	0.166666666666667	
6	6	30	100	0.781	4	0.133333333333333	
6	6	40	0	1.4217	40	1	
6	6	40	10	1.1701	22	0.55	
6	6	40	20	1.1701	15	0.375	
6	6	40	30	1.2911	16	0.4	
6	6	40	40	1.2481	14	0.35	
6	6	40	50	1.4217	12	0.3	
6	6	40	60	1.2803	13	0.325	
6	6	40	70	1.1799	10	0.25	
6	6	40	80	1.1233	7	0.175	
6	6	40	90	1.2023	9	0.225	
6	6	40	100	1.2131	8	0.2	
6	6	50	0	1.9209	50	1	
6	6	50	10	1.5885	31	0.62	
6	6	50	20	1.5601	22	0.44	
6	6	50	30	1.3739	19	0.38	
6	6	50	40	1.4353	18	0.36	
6	6	50	50	1.3389	14	0.28	
6	6	50	60	1.3583	11	0.22	
6	6	50	70	1.4977	7	0.14	
6	6	50	80	1.7303	19	0.38	
6	6	50	90	1.3281	7	0.14	
6	6	50	100	1.3125	9	0.18	
6	6	60	0	2.2477	60	1	
6	6	60	10	2.0125	37	0.616666666666667	
6	6	60	20	1.8137	30	0.5	
6	6	60	30	2.0877	31	0.516666666666667	
6	6	60	40	1.95	21	0.35	
6	6	60	50	1.8687	24	0.4	
6	6	60	60	1.951	27	0.45	
6	6	60	70	1.64	18	0.3	
6	6	60	80	1.6031	16	0.266666666666667	
6	6	60	90	1.7004	17	0.283333333333333	
6	6	60	100	1.7638	15	0.25	
6	6	70	0	2.7585	70	1	
6	6	70	10	2.4971	44	0.628571428571429	
6	6	70	20	2.1647	33	0.471428571428571	
6	6	70	30	1.8408	16	0.228571428571429	
6	6	70	40	2.0593	25	0.357142857142857	
6	6	70	50	1.8723	15	0.214285714285714	
6	6	70	60	2.0613	23	0.328571428571429	
6	6	70	70	1.7923	12	0.171428571428571	
6	6	70	80	1.9813	12	0.171428571428571	
6	6	70	90	2.2153	15	0.214285714285714	
6	6	70	100	1.6861	8	0.114285714285714	
6	6	80	0	3.6069	80	1	
6	6	80	10	3.1065	57	0.7125	
6	6	80	20	2.3393	36	0.45	
6	6	80	30	2.3401	31	0.3875	
6	6	80	40	2.2321	27	0.3375	
6	6	80	50	2.1539	26	0.325	
6	6	80	60	2.1199	23	0.2875	
6	6	80	70	2.2153	21	0.2625	
6	6	80	80	2.3559	20	0.25	
6	6	80	90	2.0477	21	0.2625	
6	6	80	100	2.1881	20	0.25	
6	6	90	0	3.9655	90	1	
6	6	90	10	3.6371	58	0.644444444444444	
6	6	90	20	3.4897	52	0.577777777777778	
6	6	90	30	3.0899	43	0.477777777777778	
6	6	90	40	3.0725	38	0.422222222222222	
6	6	90	50	3.2617	31	0.344444444444444	
6	6	90	60	3.0315	28	0.311111111111111	
6	6	90	70	2.8913	31	0.344444444444444	
6	6	90	80	3.2451	36	0.4	
6	6	90	90	3.3279	28	0.311111111111111	
6	6	90	100	2.8033	27	0.3	
6	6	100	0	4.2385	100	1	
6	6	100	10	4.4809	81	0.81	
6	6	100	20	4.0991	60	0.6	
6	6	100	30	3.5541	52	0.52	
6	6	100	40	3.0898	52	0.52	
6	6	100	50	3.0755	47	0.47	
6	6	100	60	2.9439	48	0.48	
6	6	100	70	2.842	38	0.38	
6	6	100	80	2.9477	40	0.4	
6	6	100	90	2.9182	40	0.4	
6	6	100	100	3.1047	40	0.4	
7	6	10	0	0.392	10	1	
7	6	10	10	0.3744	3	0.3	
7	6	10	20	0.3276	2	0.2	
7	6	10	30	0.391	1	0.1	
7	6	10	40	0.2964	0	0	
7	6	10	50	0.278	0	0	
7	6	10	60	0.3256	0	0	
7	6	10	70	0.3276	1	0.1	
7	6	10	80	0.3744	0	0	
7	6	10	90	0.3432	0	0	
7	6	10	100	0.4524	0	0	
7	6	20	0	0.7196	20	1	
7	6	20	10	0.7176	11	0.55	
7	6	20	20	0.6552	7	0.35	
7	6	20	30	0.6552	8	0.4	
7	6	20	40	0.6552	5	0.25	
7	6	20	50	0.5632	3	0.15	
7	6	20	60	0.7016	5	0.25	
7	6	20	70	0.7176	3	0.15	
7	6	20	80	0.6416	2	0.1	
7	6	20	90	0.625	3	0.15	
7	6	20	100	0.624	2	0.1	
7	6	30	0	1.3124	30	1	
7	6	30	10	0.9694	14	0.466666666666667	
7	6	30	20	0.7966	6	0.2	
7	6	30	30	0.859	9	0.3	
7	6	30	40	0.8278	8	0.266666666666667	
7	6	30	50	0.8746	6	0.2	
7	6	30	60	0.8746	8	0.266666666666667	
7	6	30	70	0.84	5	0.166666666666667	
7	6	30	80	0.8434	5	0.166666666666667	
7	6	30	90	0.8278	4	0.133333333333333	
7	6	30	100	0.7966	4	0.133333333333333	
7	6	40	0	1.5288	40	1	
7	6	40	10	1.2652	20	0.5	
7	6	40	20	1.2656	17	0.425	
7	6	40	30	1.2656	18	0.45	
7	6	40	40	1.1428	11	0.275	
7	6	40	50	1.3438	14	0.35	
7	6	40	60	1.3416	9	0.225	
7	6	40	70	1.2324	5	0.125	
7	6	40	80	1.2636	8	0.2	
7	6	40	90	1.1546	10	0.25	
7	6	40	100	1.093	10	0.25	
7	6	50	0	2.028	50	1	
7	6	50	10	1.8574	35	0.7	
7	6	50	20	1.6966	25	0.5	
7	6	50	30	1.5912	20	0.4	
7	6	50	40	1.4976	17	0.34	
7	6	50	50	1.3544	14	0.28	
7	6	50	60	1.5132	16	0.32	
7	6	50	70	1.3104	12	0.24	
7	6	50	80	1.326	11	0.22	
7	6	50	90	1.3432	11	0.22	
7	6	50	100	1.2948	10	0.2	
7	6	60	0	2.2752	60	1	
7	6	60	10	1.9676	38	0.633333333333333	
7	6	60	20	2.1355	45	0.75	
7	6	60	30	1.7784	25	0.416666666666667	
7	6	60	40	1.775	29	0.483333333333333	
7	6	60	50	1.9038	23	0.383333333333333	
7	6	60	60	1.7784	21	0.35	
7	6	60	70	1.7474	20	0.333333333333333	
7	6	60	80	1.6848	19	0.316666666666667	
7	6	60	90	1.7628	19	0.316666666666667	
7	6	60	100	1.686	15	0.25	
7	6	70	0	2.5967	70	1	
7	6	70	10	2.7675	50	0.714285714285714	
7	6	70	20	2.0904	28	0.4	
7	6	70	30	2.0134	31	0.442857142857143	
7	6	70	40	1.995	26	0.371428571428571	
7	6	70	50	2.0436	30	0.428571428571429	
7	6	70	60	1.921	21	0.3	
7	6	70	70	1.9656	25	0.357142857142857	
7	6	70	80	2.0124	23	0.328571428571429	
7	6	70	90	2.0419	23	0.328571428571429	
7	6	70	100	1.95	17	0.242857142857143	
7	6	80	0	3.1356	80	1	
7	6	80	10	2.8082	57	0.7125	
7	6	80	20	2.5428	44	0.55	
7	6	80	30	2.311	37	0.4625	
7	6	80	40	2.5272	40	0.5	
7	6	80	50	2.386	35	0.4375	
7	6	80	60	2.4034	31	0.3875	
7	6	80	70	2.1676	24	0.3	
7	6	80	80	2.496	31	0.3875	
7	6	80	90	2.229	22	0.275	
7	6	80	100	2.3908	28	0.35	
7	6	90	0	3.4896	90	1	
7	6	90	10	2.9328	58	0.644444444444444	
7	6	90	20	2.6084	43	0.477777777777778	
7	6	90	30	2.8392	48	0.533333333333333	
7	6	90	40	2.617	39	0.433333333333333	
7	6	90	50	2.4648	29	0.322222222222222	
7	6	90	60	2.4654	30	0.333333333333333	
7	6	90	70	2.3898	27	0.3	
7	6	90	80	2.3216	22	0.244444444444444	
7	6	90	90	2.2348	18	0.2	
7	6	90	100	2.2758	22	0.244444444444444	
7	6	100	0	3.7748	100	1	
7	6	100	10	3.5056	68	0.68	
7	6	100	20	3.0264	53	0.53	
7	6	100	30	3.1806	59	0.59	
7	6	100	40	3.0908	42	0.42	
7	6	100	50	3.0734	49	0.49	
7	6	100	60	2.9788	44	0.44	
7	6	100	70	3.0108	43	0.43	
7	6	100	80	2.8716	42	0.42	
7	6	100	90	2.8236	33	0.33	
7	6	100	100	2.697	30	0.3	
8	6	10	0	0.3764	10	1	
8	6	10	10	0.4056	3	0.3	
8	6	10	20	0.3744	1	0.1	
8	6	10	30	0.333	1	0.1	
8	6	10	40	0.3612	0	0	
8	6	10	50	0.2964	0	0	
8	6	10	60	0.2964	0	0	
8	6	10	70	0.312	0	0	
8	6	10	80	0.312	0	0	
8	6	10	90	0.3744	0	0	
8	6	10	100	0.3276	0	0	
8	6	20	0	0.7488	20	1	
8	6	20	10	0.7498	13	0.65	
8	6	20	20	0.6416	10	0.5	
8	6	20	30	0.6864	6	0.3	
8	6	20	40	0.6864	7	0.35	
8	6	20	50	0.5938	6	0.3	
8	6	20	60	0.7068	5	0.25	
8	6	20	70	0.702	4	0.2	
8	6	20	80	0.6552	6	0.3	
8	6	20	90	0.6864	4	0.2	
8	6	20	100	0.624	6	0.3	
8	6	30	0	1.0706	30	1	
8	6	30	10	0.9984	19	0.633333333333333	
8	6	30	20	0.8736	12	0.4	
8	6	30	30	0.9828	12	0.4	
8	6	30	40	0.9672	13	0.433333333333333	
8	6	30	50	0.9054	10	0.333333333333333	
8	6	30	60	0.9502	11	0.366666666666667	
8	6	30	70	0.9048	9	0.3	
8	6	30	80	0.9204	8	0.266666666666667	
8	6	30	90	0.9048	9	0.3	
8	6	30	100	0.8424	5	0.166666666666667	
8	6	40	0	1.6786	40	1	
8	6	40	10	1.3426	25	0.625	
8	6	40	20	1.3572	16	0.4	
8	6	40	30	1.1048	9	0.225	
8	6	40	40	1.0764	8	0.2	
8	6	40	50	1.1856	13	0.325	
8	6	40	60	1.1076	9	0.225	
8	6	40	70	1.0738	7	0.175	
8	6	40	80	1.1074	7	0.175	
8	6	40	90	1.2168	11	0.275	
8	6	40	100	1.1564	8	0.2	
8	6	50	0	1.8408	50	1	
8	6	50	10	1.696	32	0.64	
8	6	50	20	1.6068	24	0.48	
8	6	50	30	1.6078	21	0.42	
8	6	50	40	1.5572	20	0.4	
8	6	50	50	1.483	12	0.24	
8	6	50	60	1.3104	11	0.22	
8	6	50	70	1.3474	11	0.22	
8	6	50	80	1.2434	11	0.22	
8	6	50	90	1.2334	7	0.14	
8	6	50	100	1.2656	11	0.22	
8	6	60	0	2.6842	60	1	
8	6	60	10	1.8736	33	0.55	
8	6	60	20	2.0748	30	0.5	
8	6	60	30	1.7318	23	0.383333333333333	
8	6	60	40	1.8252	19	0.316666666666667	
8	6	60	50	1.5912	16	0.266666666666667	
8	6	60	60	1.7688	17	0.283333333333333	
8	6	60	70	1.5912	12	0.2	
8	6	60	80	1.716	15	0.25	
8	6	60	90	1.6312	12	0.2	
8	6	60	100	1.5288	7	0.116666666666667	
8	6	70	0	2.3752	70	1	
8	6	70	10	2.3186	46	0.657142857142857	
8	6	70	20	2.028	36	0.514285714285714	
8	6	70	30	2.1062	33	0.471428571428571	
8	6	70	40	2.0592	29	0.414285714285714	
8	6	70	50	2.2404	27	0.385714285714286	
8	6	70	60	2.1882	29	0.414285714285714	
8	6	70	70	2.0124	27	0.385714285714286	
8	6	70	80	1.9502	22	0.314285714285714	
8	6	70	90	1.9188	19	0.271428571428571	
8	6	70	100	1.832	17	0.242857142857143	
8	6	80	0	3.0078	80	1	
8	6	80	10	2.8952	51	0.6375	
8	6	80	20	2.7768	50	0.625	
8	6	80	30	2.8374	40	0.5	
8	6	80	40	2.2464	26	0.325	
8	6	80	50	2.389	33	0.4125	
8	6	80	60	2.0456	21	0.2625	
8	6	80	70	2.1948	20	0.25	
8	6	80	80	2.1226	19	0.2375	
8	6	80	90	2.3254	21	0.2625	
8	6	80	100	2.2602	22	0.275	
8	6	90	0	3.278	90	1	
8	6	90	10	3.2254	64	0.711111111111111	
8	6	90	20	2.587	38	0.422222222222222	
8	6	90	30	2.779	41	0.455555555555556	
8	6	90	40	2.5896	41	0.455555555555556	
8	6	90	50	2.9848	38	0.422222222222222	
8	6	90	60	2.5868	31	0.344444444444444	
8	6	90	70	2.8236	25	0.277777777777778	
8	6	90	80	2.4156	26	0.288888888888889	
8	6	90	90	2.418	24	0.266666666666667	
8	6	90	100	2.3548	21	0.233333333333333	
8	6	100	0	3.5998	100	1	
8	6	100	10	3.555	73	0.73	
8	6	100	20	3.3756	67	0.67	
8	6	100	30	3.089	56	0.56	
8	6	100	40	3.0586	49	0.49	
8	6	100	50	3.0352	49	0.49	
8	6	100	60	2.9486	43	0.43	
8	6	100	70	2.886	40	0.4	
8	6	100	80	3.1036	37	0.37	
8	6	100	90	2.7456	32	0.32	
8	6	100	100	2.7614	28	0.28	
9	6	10	0	0.5178	10	1	
9	6	10	10	0.391	2	0.2	
9	6	10	20	0.336	1	0.1	
9	6	10	30	0.3758	2	0.2	
9	6	10	40	0.39	2	0.2	
9	6	10	50	0.3598	2	0.2	
9	6	10	60	0.4524	0	0	
9	6	10	70	0.3598	0	0	
9	6	10	80	0.3452	0	0	
9	6	10	90	0.3588	0	0	
9	6	10	100	0.3442	0	0	
9	6	20	0	0.7996	20	1	
9	6	20	10	0.7674	8	0.4	
9	6	20	20	0.625	2	0.1	
9	6	20	30	0.7186	3	0.15	
9	6	20	40	0.5948	2	0.1	
9	6	20	50	0.5422	1	0.05	
9	6	20	60	0.5928	2	0.1	
9	6	20	70	0.5626	1	0.05	
9	6	20	80	0.626	1	0.05	
9	6	20	90	0.548	1	0.05	
9	6	20	100	0.5334	0	0	
9	6	30	0	1.1576	30	1	
9	6	30	10	0.8902	9	0.3	
9	6	30	20	1.1906	11	0.366666666666667	
9	6	30	30	0.937	6	0.2	
9	6	30	40	1.0004	6	0.2	
9	6	30	50	1.0012	6	0.2	
9	6	30	60	1.093	8	0.266666666666667	
9	6	30	70	0.7342	1	0.0333333333333333	
9	6	30	80	0.8122	4	0.133333333333333	
9	6	30	90	0.8112	2	0.0666666666666667	
9	6	30	100	0.7776	0	0	
9	6	40	0	1.405	40	1	
9	6	40	10	1.482	24	0.6	
9	6	40	20	1.2472	19	0.475	
9	6	40	30	1.5364	15	0.375	
9	6	40	40	1.1814	14	0.35	
9	6	40	50	1.1526	6	0.15	
9	6	40	60	1.0706	5	0.125	
9	6	40	70	1.093	8	0.2	
9	6	40	80	1.0452	5	0.125	
9	6	40	90	1.092	7	0.175	
9	6	40	100	1.1408	4	0.1	
9	6	50	0	1.7004	50	1	
9	6	50	10	1.8096	34	0.68	
9	6	50	20	1.6	23	0.46	
9	6	50	30	1.4976	21	0.42	
9	6	50	40	1.5756	17	0.34	
9	6	50	50	1.3908	12	0.24	
9	6	50	60	1.431	13	0.26	
9	6	50	70	1.3416	9	0.18	
9	6	50	80	1.4976	20	0.4	
9	6	50	90	1.454	15	0.3	
9	6	50	100	1.56	17	0.34	
