seed	BD	V	N	t_sec	n_invisible	p_invisible	
1	6	10	0	0.468	10	1	
1	6	10	10	0.57	3	0.3	
1	6	10	20	0.469	2	0.2	
1	6	10	30	0.4378	1	0.1	
1	6	10	40	0.3598	1	0.1	
1	6	10	50	0.3744	0	0	
1	6	10	60	0.4388	2	0.2	
1	6	10	70	0.4056	2	0.2	
1	6	10	80	0.3754	1	0.1	
1	6	10	90	0.3608	0	0	
1	6	10	100	0.3802	0	0	
1	6	20	0	0.8756	20	1	
1	6	20	10	0.6488	4	0.2	
1	6	20	20	0.6246	4	0.2	
1	6	20	30	0.6416	1	0.05	
1	6	20	40	0.5948	3	0.15	
1	6	20	50	0.5616	2	0.1	
1	6	20	60	0.5792	2	0.1	
1	6	20	70	0.6406	1	0.05	
1	6	20	80	0.5938	1	0.05	
1	6	20	90	0.5726	0	0	
1	6	20	100	0.5866	0	0	
1	6	30	0	1.0618	30	1	
1	6	30	10	1.1232	15	0.5	
1	6	30	20	1.0824	14	0.466666666666667	
1	6	30	30	1.0014	10	0.333333333333333	
1	6	30	40	1.0152	6	0.2	
1	6	30	50	1.1408	9	0.3	
1	6	30	60	1.1564	8	0.266666666666667	
1	6	30	70	0.9672	4	0.133333333333333	
1	6	30	80	0.9166	7	0.233333333333333	
1	6	30	90	0.9334	6	0.2	
1	6	30	100	0.8268	3	0.1	
1	6	40	0	1.5932	40	1	
1	6	40	10	1.328	22	0.55	
1	6	40	20	1.22	16	0.4	
1	6	40	30	1.1242	13	0.325	
1	6	40	40	1.2032	12	0.3	
1	6	40	50	1.092	7	0.175	
1	6	40	60	1.1662	9	0.225	
1	6	40	70	1.0608	5	0.125	
1	6	40	80	1.0296	3	0.075	
1	6	40	90	1.2324	5	0.125	
1	6	40	100	1.0452	3	0.075	
1	6	50	0	1.7794	50	1	
1	6	50	10	1.6878	34	0.68	
1	6	50	20	1.5466	23	0.46	
1	6	50	30	1.5006	18	0.36	
1	6	50	40	1.3884	12	0.24	
1	6	50	50	1.2914	13	0.26	
1	6	50	60	1.3592	15	0.3	
1	6	50	70	1.4392	16	0.32	
1	6	50	80	1.2032	9	0.18	
1	6	50	90	1.3806	12	0.24	
1	6	50	100	1.2324	10	0.2	
1	6	60	0	2.3402	60	1	
1	6	60	10	2.1714	42	0.7	
1	6	60	20	1.8886	28	0.466666666666667	
1	6	60	30	1.8204	29	0.483333333333333	
1	6	60	40	1.7784	19	0.316666666666667	
1	6	60	50	1.7154	22	0.366666666666667	
1	6	60	60	1.8114	19	0.316666666666667	
1	6	60	70	1.6848	19	0.316666666666667	
1	6	60	80	1.8722	13	0.216666666666667	
1	6	60	90	1.5298	9	0.15	
1	6	60	100	1.5756	12	0.2	
1	6	70	0	2.6472	70	1	
1	6	70	10	2.4678	43	0.614285714285714	
1	6	70	20	2.2738	41	0.585714285714286	
1	6	70	30	2.1684	33	0.471428571428571	
1	6	70	40	2.1842	23	0.328571428571429	
1	6	70	50	2.2318	19	0.271428571428571	
1	6	70	60	2.5876	20	0.285714285714286	
1	6	70	70	1.841	17	0.242857142857143	
1	6	70	80	2.1528	18	0.257142857142857	
1	6	70	90	1.997	13	0.185714285714286	
1	6	70	100	2.2308	14	0.2	
1	6	80	0	3.2762	80	1	
1	6	80	10	3.0256	60	0.75	
1	6	80	20	3.5568	48	0.6	
1	6	80	30	3.2938	50	0.625	
1	6	80	40	2.4388	35	0.4375	
1	6	80	50	2.6744	40	0.5	
1	6	80	60	2.601	29	0.3625	
1	6	80	70	2.7304	32	0.4	
1	6	80	80	2.2864	24	0.3	
1	6	80	90	2.2982	25	0.3125	
1	6	80	100	2.4346	27	0.3375	
1	6	90	0	3.6426	90	1	
1	6	90	10	2.9154	50	0.555555555555556	
1	6	90	20	2.8724	51	0.566666666666667	
1	6	90	30	2.777	45	0.5	
1	6	90	40	2.575	38	0.422222222222222	
1	6	90	50	2.931	31	0.344444444444444	
1	6	90	60	2.653	29	0.322222222222222	
1	6	90	70	2.4962	29	0.322222222222222	
1	6	90	80	2.496	29	0.322222222222222	
1	6	90	90	2.4016	26	0.288888888888889	
1	6	90	100	2.3868	21	0.233333333333333	
1	6	100	0	3.9781	100	1	
1	6	100	10	3.4605	68	0.68	
1	6	100	20	3.3075	62	0.62	
1	6	100	30	3.1834	56	0.56	
1	6	100	40	3.0323	45	0.45	
1	6	100	50	2.8511	37	0.37	
1	6	100	60	2.886	38	0.38	
1	6	100	70	2.8375	37	0.37	
1	6	100	80	3.0264	39	0.39	
1	6	100	90	2.7137	28	0.28	
1	6	100	100	2.964	34	0.34	
2	6	10	0	0.5002	10	1	
2	6	10	10	0.468	1	0.1	
2	6	10	20	0.4524	1	0.1	
2	6	10	30	0.3588	0	0	
2	6	10	40	0.3744	0	0	
2	6	10	50	0.3588	0	0	
2	6	10	60	0.3588	0	0	
2	6	10	70	0.3588	0	0	
2	6	10	80	0.39	0	0	
2	6	10	90	0.3928	0	0	
2	6	10	100	0.3854	0	0	
2	6	20	0	0.7956	20	1	
2	6	20	10	0.7012	5	0.25	
2	6	20	20	0.6396	6	0.3	
2	6	20	30	0.5636	3	0.15	
2	6	20	40	0.5616	1	0.05	
2	6	20	50	0.6884	2	0.1	
2	6	20	60	0.6884	2	0.1	
2	6	20	70	0.6884	2	0.1	
2	6	20	80	0.7188	3	0.15	
2	6	20	90	0.6632	1	0.05	
2	6	20	100	0.6708	1	0.05	
2	6	30	0	1.0482	30	1	
2	6	30	10	0.938	17	0.566666666666667	
2	6	30	20	0.937	12	0.4	
2	6	30	30	0.9664	13	0.433333333333333	
2	6	30	40	1.0296	13	0.433333333333333	
2	6	30	50	0.8424	7	0.233333333333333	
2	6	30	60	0.8736	8	0.266666666666667	
2	6	30	70	0.8736	5	0.166666666666667	
2	6	30	80	0.9516	9	0.3	
2	6	30	90	1.0152	4	0.133333333333333	
2	6	30	100	1.092	9	0.3	
2	6	40	0	1.4518	40	1	
2	6	40	10	1.2244	18	0.45	
2	6	40	20	1.3332	20	0.5	
2	6	40	30	1.2178	9	0.225	
2	6	40	40	1.3738	16	0.4	
2	6	40	50	1.063	11	0.275	
2	6	40	60	1.1242	8	0.2	
2	6	40	70	1.249	13	0.325	
2	6	40	80	1.1856	7	0.175	
2	6	40	90	1.0764	5	0.125	
2	6	40	100	1.1476	7	0.175	
2	6	50	0	1.7862	50	1	
2	6	50	10	1.6078	29	0.58	
2	6	50	20	1.6848	26	0.52	
2	6	50	30	1.5082	19	0.38	
2	6	50	40	1.4998	14	0.28	
2	6	50	50	1.4528	17	0.34	
2	6	50	60	1.326	10	0.2	
2	6	50	70	1.2784	8	0.16	
2	6	50	80	1.2168	6	0.12	
2	6	50	90	1.3104	12	0.24	
2	6	50	100	1.1076	3	0.06	
2	6	60	0	2.34	60	1	
2	6	60	10	2.0973	38	0.633333333333333	
2	6	60	20	2.0748	30	0.5	
2	6	60	30	1.8096	23	0.383333333333333	
2	6	60	40	1.5612	17	0.283333333333333	
2	6	60	50	1.6536	16	0.266666666666667	
2	6	60	60	1.6068	14	0.233333333333333	
2	6	60	70	1.6508	15	0.25	
2	6	60	80	1.5796	10	0.166666666666667	
2	6	60	90	1.6894	11	0.183333333333333	
2	6	60	100	1.6465	11	0.183333333333333	
2	6	70	0	2.7164	70	1	
2	6	70	10	2.4837	44	0.628571428571429	
2	6	70	20	2.3566	37	0.528571428571429	
2	6	70	30	2.1687	35	0.5	
2	6	70	40	1.9988	24	0.342857142857143	
2	6	70	50	2.1345	24	0.342857142857143	
2	6	70	60	1.9968	23	0.328571428571429	
2	6	70	70	2.0748	22	0.314285714285714	
2	6	70	80	1.9805	19	0.271428571428571	
2	6	70	90	2.0592	17	0.242857142857143	
2	6	70	100	1.9502	15	0.214285714285714	
2	6	80	0	3.0725	80	1	
2	6	80	10	2.8083	55	0.6875	
2	6	80	20	2.5302	43	0.5375	
2	6	80	30	2.3197	34	0.425	
2	6	80	40	2.2162	25	0.3125	
2	6	80	50	2.3118	31	0.3875	
2	6	80	60	2.1023	22	0.275	
2	6	80	70	2.1528	23	0.2875	
2	6	80	80	2.1863	23	0.2875	
2	6	80	90	2.34	19	0.2375	
2	6	80	100	2.2613	22	0.275	
2	6	90	0	3.5568	90	1	
2	6	90	10	3.1163	50	0.555555555555556	
2	6	90	20	2.9653	48	0.533333333333333	
2	6	90	30	2.498	31	0.344444444444444	
2	6	90	40	2.5879	33	0.366666666666667	
2	6	90	50	2.5156	32	0.355555555555556	
2	6	90	60	2.6815	33	0.366666666666667	
2	6	90	70	2.5906	27	0.3	
2	6	90	80	2.4319	23	0.255555555555556	
2	6	90	90	2.4024	23	0.255555555555556	
2	6	90	100	2.4631	23	0.255555555555556	
2	6	100	0	4.3216	100	1	
2	6	100	10	3.7619	76	0.76	
2	6	100	20	3.6175	65	0.65	
2	6	100	30	3.2459	53	0.53	
2	6	100	40	3.3095	48	0.48	
2	6	100	50	3.2269	44	0.44	
2	6	100	60	3.1573	47	0.47	
2	6	100	70	3.1153	43	0.43	
2	6	100	80	3.5873	42	0.42	
2	6	100	90	3.7832	39	0.39	
2	6	100	100	3.3029	31	0.31	
3	6	10	0	0.4296	10	1	
3	6	10	10	0.487	5	0.5	
3	6	10	20	0.468	3	0.3	
3	6	10	30	0.5304	3	0.3	
3	6	10	40	0.39	1	0.1	
3	6	10	50	0.4368	2	0.2	
3	6	10	60	0.4524	2	0.2	
3	6	10	70	0.468	2	0.2	
3	6	10	80	0.4212	2	0.2	
3	6	10	90	0.4212	1	0.1	
3	6	10	100	0.5148	1	0.1	
3	6	20	0	0.78	20	1	
3	6	20	10	0.7488	9	0.45	
3	6	20	20	0.6982	8	0.4	
3	6	20	30	0.6562	3	0.15	
3	6	20	40	0.6864	3	0.15	
3	6	20	50	0.5928	2	0.1	
3	6	20	60	0.6708	2	0.1	
3	6	20	70	0.6084	1	0.05	
3	6	20	80	0.6084	1	0.05	
3	6	20	90	0.6396	2	0.1	
3	6	20	100	0.6378	1	0.05	
3	6	30	0	1.1086	30	1	
3	6	30	10	0.8454	11	0.366666666666667	
3	6	30	20	0.8122	9	0.3	
3	6	30	30	0.8112	6	0.2	
3	6	30	40	0.6864	2	0.0666666666666667	
3	6	30	50	0.7636	6	0.2	
3	6	30	60	0.7488	4	0.133333333333333	
3	6	30	70	0.7654	4	0.133333333333333	
3	6	30	80	0.7176	2	0.0666666666666667	
3	6	30	90	0.702	1	0.0333333333333333	
3	6	30	100	0.7176	2	0.0666666666666667	
3	6	40	0	1.4183	40	1	
3	6	40	10	1.5537	28	0.7	
3	6	40	20	1.5913	23	0.575	
3	6	40	30	1.4664	13	0.325	
3	6	40	40	1.2493	14	0.35	
3	6	40	50	1.3104	11	0.275	
3	6	40	60	1.1388	9	0.225	
3	6	40	70	1.1388	10	0.25	
3	6	40	80	1.1567	8	0.2	
3	6	40	90	1.1388	10	0.25	
3	6	40	100	1.1076	7	0.175	
3	6	50	0	1.6859	50	1	
3	6	50	10	1.6579	34	0.68	
3	6	50	20	1.5444	26	0.52	
3	6	50	30	1.5288	23	0.46	
3	6	50	40	1.6035	20	0.4	
3	6	50	50	1.6381	16	0.32	
3	6	50	60	1.3884	13	0.26	
3	6	50	70	1.4375	16	0.32	
3	6	50	80	1.2948	11	0.22	
3	6	50	90	1.405	12	0.24	
3	6	50	100	1.326	13	0.26	
3	6	60	0	2.2281	60	1	
3	6	60	10	2.0437	43	0.716666666666667	
3	6	60	20	1.8587	28	0.466666666666667	
3	6	60	30	1.8409	23	0.383333333333333	
3	6	60	40	1.7493	22	0.366666666666667	
3	6	60	50	1.7601	19	0.316666666666667	
3	6	60	60	1.7639	16	0.266666666666667	
3	6	60	70	1.8293	16	0.266666666666667	
3	6	60	80	1.7913	20	0.333333333333333	
3	6	60	90	1.6803	11	0.183333333333333	
3	6	60	100	1.7795	10	0.166666666666667	
3	6	70	0	2.5029	70	1	
3	6	70	10	2.4025	49	0.7	
3	6	70	20	2.2925	40	0.571428571428571	
3	6	70	30	2.2339	29	0.414285714285714	
3	6	70	40	2.3207	32	0.457142857142857	
3	6	70	50	2.3401	27	0.385714285714286	
3	6	70	60	1.9175	18	0.257142857142857	
3	6	70	70	1.8877	19	0.271428571428571	
3	6	70	80	1.9667	16	0.228571428571429	
3	6	70	90	1.8089	13	0.185714285714286	
3	6	70	100	1.8877	14	0.2	
3	6	80	0	3.0675	80	1	
3	6	80	10	2.6989	52	0.65	
3	6	80	20	2.6075	45	0.5625	
3	6	80	30	2.8127	41	0.5125	
3	6	80	40	2.4243	32	0.4	
3	6	80	50	2.0612	22	0.275	
3	6	80	60	2.4173	25	0.3125	
3	6	80	70	2.4024	24	0.3	
3	6	80	80	2.2613	25	0.3125	
3	6	80	90	2.0436	17	0.2125	
3	6	80	100	2.2145	18	0.225	
3	6	90	0	3.3343	90	1	
3	6	90	10	3.2487	62	0.688888888888889	
3	6	90	20	2.8355	47	0.522222222222222	
3	6	90	30	2.8413	47	0.522222222222222	
3	6	90	40	2.7877	40	0.444444444444444	
3	6	90	50	2.8063	43	0.477777777777778	
3	6	90	60	2.7925	37	0.411111111111111	
3	6	90	70	2.7781	29	0.322222222222222	
3	6	90	80	2.9047	32	0.355555555555556	
3	6	90	90	2.5995	22	0.244444444444444	
3	6	90	100	2.6989	32	0.355555555555556	
3	6	100	0	3.9651	100	1	
3	6	100	10	3.9159	79	0.79	
3	6	100	20	3.1485	53	0.53	
3	6	100	30	3.3073	48	0.48	
3	6	100	40	3.2315	51	0.51	
3	6	100	50	3.0891	45	0.45	
3	6	100	60	2.8081	32	0.32	
3	6	100	70	2.8063	32	0.32	
3	6	100	80	3.0013	35	0.35	
3	6	100	90	3.0363	42	0.42	
3	6	100	100	2.7935	32	0.32	
4	6	10	0	0.4066	10	1	
4	6	10	10	0.5158	7	0.7	
4	6	10	20	0.4212	4	0.4	
4	6	10	30	0.3588	2	0.2	
4	6	10	40	0.4056	2	0.2	
4	6	10	50	0.3744	1	0.1	
4	6	10	60	0.3744	0	0	
4	6	10	70	0.4368	2	0.2	
4	6	10	80	0.39	2	0.2	
4	6	10	90	0.39	1	0.1	
4	6	10	100	0.3574	1	0.1	
4	6	20	0	0.7956	20	1	
4	6	20	10	0.78	11	0.55	
4	6	20	20	0.7978	10	0.5	
4	6	20	30	0.5772	4	0.2	
4	6	20	40	0.8268	7	0.35	
4	6	20	50	0.702	5	0.25	
4	6	20	60	0.5928	2	0.1	
4	6	20	70	0.624	2	0.1	
4	6	20	80	0.5928	3	0.15	
4	6	20	90	0.586	2	0.1	
4	6	20	100	0.6542	3	0.15	
4	6	30	0	1.0795	30	1	
4	6	30	10	0.9828	15	0.5	
4	6	30	20	0.9516	13	0.433333333333333	
4	6	30	30	0.973	14	0.466666666666667	
4	6	30	40	0.8736	7	0.233333333333333	
4	6	30	50	0.8278	7	0.233333333333333	
4	6	30	60	0.8892	9	0.3	
4	6	30	70	0.8112	6	0.2	
4	6	30	80	0.7956	5	0.166666666666667	
4	6	30	90	0.8904	5	0.166666666666667	
4	6	30	100	0.8902	6	0.2	
4	6	40	0	1.6068	40	1	
4	6	40	10	1.3416	19	0.475	
4	6	40	20	1.4354	15	0.375	
4	6	40	30	1.1388	7	0.175	
4	6	40	40	1.1554	11	0.275	
4	6	40	50	1.2636	13	0.325	
4	6	40	60	1.0776	7	0.175	
4	6	40	70	1.0724	6	0.15	
4	6	40	80	1.0296	3	0.075	
4	6	40	90	1.0472	4	0.1	
4	6	40	100	1.2032	8	0.2	
4	6	50	0	1.7346	50	1	
4	6	50	10	1.7784	38	0.76	
4	6	50	20	1.8732	34	0.68	
4	6	50	30	1.5756	21	0.42	
4	6	50	40	1.4196	16	0.32	
4	6	50	50	1.5134	20	0.4	
4	6	50	60	1.482	16	0.32	
4	6	50	70	1.482	16	0.32	
4	6	50	80	1.4228	19	0.38	
4	6	50	90	1.328	12	0.24	
4	6	50	100	1.2344	6	0.12	
4	6	60	0	2.3071	60	1	
4	6	60	10	1.7668	28	0.466666666666667	
4	6	60	20	2.0701	32	0.533333333333333	
4	6	60	30	1.7784	25	0.416666666666667	
4	6	60	40	1.8886	24	0.4	
4	6	60	50	1.6986	17	0.283333333333333	
4	6	60	60	1.8272	18	0.3	
4	6	60	70	1.872	20	0.333333333333333	
4	6	60	80	1.6996	11	0.183333333333333	
4	6	60	90	1.794	20	0.333333333333333	
4	6	60	100	1.5766	10	0.166666666666667	
4	6	70	0	2.6739	70	1	
4	6	70	10	2.262	42	0.6	
4	6	70	20	2.3539	34	0.485714285714286	
4	6	70	30	2.263	31	0.442857142857143	
4	6	70	40	1.8286	19	0.271428571428571	
4	6	70	50	2.2427	31	0.442857142857143	
4	6	70	60	2.0134	25	0.357142857142857	
4	6	70	70	2.0409	17	0.242857142857143	
4	6	70	80	1.9344	19	0.271428571428571	
4	6	70	90	1.9371	16	0.228571428571429	
4	6	70	100	1.9774	15	0.214285714285714	
4	6	80	0	2.8249	80	1	
4	6	80	10	2.5624	48	0.6	
4	6	80	20	2.7741	40	0.5	
4	6	80	30	2.3712	35	0.4375	
4	6	80	40	2.4973	40	0.5	
4	6	80	50	2.4024	25	0.3125	
4	6	80	60	2.2603	29	0.3625	
4	6	80	70	2.3088	27	0.3375	
4	6	80	80	2.3706	27	0.3375	
4	6	80	90	2.1848	24	0.3	
4	6	80	100	2.2776	18	0.225	
4	6	90	0	3.3843	90	1	
4	6	90	10	3.1827	64	0.711111111111111	
4	6	90	20	2.808	44	0.488888888888889	
4	6	90	30	2.7147	40	0.444444444444444	
4	6	90	40	2.951	47	0.522222222222222	
4	6	90	50	2.7256	40	0.444444444444444	
4	6	90	60	2.8561	28	0.311111111111111	
4	6	90	70	2.7486	35	0.388888888888889	
4	6	90	80	2.6961	33	0.366666666666667	
4	6	90	90	2.6208	30	0.333333333333333	
4	6	90	100	2.7443	32	0.355555555555556	
4	6	100	0	3.7374	100	1	
4	6	100	10	3.6889	73	0.73	
4	6	100	20	3.3111	59	0.59	
4	6	100	30	3.2513	55	0.55	
4	6	100	40	3.1677	53	0.53	
4	6	100	50	3.3663	43	0.43	
4	6	100	60	2.7612	35	0.35	
4	6	100	70	2.9633	42	0.42	
4	6	100	80	2.9175	34	0.34	
4	6	100	90	2.7768	33	0.33	
4	6	100	100	2.8687	31	0.31	
5	6	10	0	0.469	10	1	
5	6	10	10	0.39	5	0.5	
5	6	10	20	0.392	5	0.5	
5	6	10	30	0.39	3	0.3	
5	6	10	40	0.3774	2	0.2	
5	6	10	50	0.4788	2	0.2	
5	6	10	60	0.468	2	0.2	
5	6	10	70	0.4524	2	0.2	
5	6	10	80	0.4534	1	0.1	
5	6	10	90	0.469	1	0.1	
5	6	10	100	0.4368	1	0.1	
5	6	20	0	0.9526	20	1	
5	6	20	10	0.782	11	0.55	
5	6	20	20	0.6396	6	0.3	
5	6	20	30	0.5792	3	0.15	
5	6	20	40	0.6864	7	0.35	
5	6	20	50	0.6504	6	0.3	
5	6	20	60	0.624	4	0.2	
5	6	20	70	0.6708	4	0.2	
5	6	20	80	0.5792	4	0.2	
5	6	20	90	0.5772	2	0.1	
5	6	20	100	0.6552	3	0.15	
5	6	30	0	1.0472	30	1	
5	6	30	10	0.8748	12	0.4	
5	6	30	20	0.858	9	0.3	
5	6	30	30	0.7956	8	0.266666666666667	
5	6	30	40	0.8288	7	0.233333333333333	
5	6	30	50	0.8268	7	0.233333333333333	
5	6	30	60	0.7811	5	0.166666666666667	
5	6	30	70	0.8251	5	0.166666666666667	
5	6	30	80	0.7645	5	0.166666666666667	
5	6	30	90	0.7957	3	0.1	
5	6	30	100	0.7489	5	0.166666666666667	
5	6	40	0	1.6109	40	1	
5	6	40	10	1.3457	23	0.575	
5	6	40	20	1.3137	17	0.425	
5	6	40	30	1.1857	11	0.275	
5	6	40	40	1.1077	10	0.25	
5	6	40	50	1.2169	14	0.35	
5	6	40	60	1.0989	8	0.2	
5	6	40	70	1.0835	6	0.15	
5	6	40	80	1.1545	8	0.2	
5	6	40	90	1.1857	7	0.175	
5	6	40	100	1.0141	4	0.1	
5	6	50	0	1.9948	50	1	
5	6	50	10	1.7795	32	0.64	
5	6	50	20	1.6801	25	0.5	
5	6	50	30	1.5601	22	0.44	
5	6	50	40	1.4197	15	0.3	
5	6	50	50	1.4455	16	0.32	
5	6	50	60	1.3795	12	0.24	
5	6	50	70	1.5777	17	0.34	
5	6	50	80	1.2033	8	0.16	
5	6	50	90	1.2881	8	0.16	
5	6	50	100	1.2481	6	0.12	
5	6	60	0	2.233	60	1	
5	6	60	10	2.0138	33	0.55	
5	6	60	20	1.9346	33	0.55	
5	6	60	30	1.6693	20	0.333333333333333	
5	6	60	40	1.6997	24	0.4	
5	6	60	50	1.9346	24	0.4	
5	6	60	60	1.8752	23	0.383333333333333	
5	6	60	70	1.7289	21	0.35	
5	6	60	80	1.8108	19	0.316666666666667	
5	6	60	90	1.7335	16	0.266666666666667	
5	6	60	100	1.6355	9	0.15	
5	6	70	0	2.5814	70	1	
5	6	70	10	2.449	47	0.671428571428571	
5	6	70	20	2.2934	40	0.571428571428571	
5	6	70	30	2.1356	30	0.428571428571429	
5	6	70	40	1.9824	24	0.342857142857143	
5	6	70	50	2.357	35	0.5	
5	6	70	60	1.9658	22	0.314285714285714	
5	6	70	70	2.0244	22	0.314285714285714	
5	6	70	80	2.075	18	0.257142857142857	
5	6	70	90	1.7337	14	0.2	
5	6	70	100	2.0284	19	0.271428571428571	
5	6	80	0	2.7712	80	1	
5	6	80	10	2.5782	47	0.5875	
5	6	80	20	2.7546	51	0.6375	
5	6	80	30	2.5274	42	0.525	
5	6	80	40	2.3282	35	0.4375	
5	6	80	50	2.4972	36	0.45	
5	6	80	60	2.12	24	0.3	
5	6	80	70	2.2466	23	0.2875	
5	6	80	80	2.3696	31	0.3875	
5	6	80	90	2.3764	33	0.4125	
5	6	80	100	2.2744	24	0.3	
5	6	90	0	3.4517	90	1	
5	6	90	10	3.0425	55	0.611111111111111	
5	6	90	20	2.7146	44	0.488888888888889	
5	6	90	30	2.9643	39	0.433333333333333	
5	6	90	40	2.5917	34	0.377777777777778	
5	6	90	50	2.7509	43	0.477777777777778	
5	6	90	60	2.6279	35	0.388888888888889	
5	6	90	70	2.4837	32	0.355555555555556	
5	6	90	80	2.4337	28	0.311111111111111	
5	6	90	90	2.4339	29	0.322222222222222	
5	6	90	100	2.3577	20	0.222222222222222	
5	6	100	0	3.8563	100	1	
5	6	100	10	3.836	79	0.79	
5	6	100	20	3.1651	56	0.56	
5	6	100	30	3.0109	46	0.46	
5	6	100	40	2.9633	42	0.42	
5	6	100	50	3.1223	48	0.48	
5	6	100	60	2.7819	34	0.34	
5	6	100	70	2.8365	35	0.35	
5	6	100	80	2.8609	34	0.34	
5	6	100	90	3.1936	35	0.35	
5	6	100	100	2.7739	35	0.35	
6	6	10	0	0.3532	10	1	
6	6	10	10	0.3442	4	0.4	
6	6	10	20	0.3286	3	0.3	
6	6	10	30	0.39	1	0.1	
6	6	10	40	0.313	0	0	
6	6	10	50	0.3744	0	0	
6	6	10	60	0.3432	0	0	
6	6	10	70	0.3276	0	0	
6	6	10	80	0.3744	0	0	
6	6	10	90	0.4142	0	0	
6	6	10	100	0.3786	0	0	
6	6	20	0	0.7902	20	1	
6	6	20	10	0.702	7	0.35	
6	6	20	20	0.78	11	0.55	
6	6	20	30	0.703	5	0.25	
6	6	20	40	0.6406	4	0.2	
6	6	20	50	0.5938	3	0.15	
6	6	20	60	0.6562	3	0.15	
6	6	20	70	0.665	4	0.2	
6	6	20	80	0.5772	2	0.1	
6	6	20	90	0.6406	2	0.1	
6	6	20	100	0.7176	2	0.1	
6	6	30	0	1.171	30	1	
6	6	30	10	1.0933	21	0.7	
6	6	30	20	0.8112	6	0.2	
6	6	30	30	0.936	7	0.233333333333333	
6	6	30	40	0.8736	7	0.233333333333333	
6	6	30	50	0.9672	5	0.166666666666667	
6	6	30	60	0.8424	6	0.2	
6	6	30	70	0.8114	5	0.166666666666667	
6	6	30	80	0.8122	5	0.166666666666667	
6	6	30	90	0.8112	5	0.166666666666667	
6	6	30	100	0.7956	4	0.133333333333333	
6	6	40	0	1.3735	40	1	
6	6	40	10	1.248	22	0.55	
6	6	40	20	1.2022	15	0.375	
6	6	40	30	1.2012	16	0.4	
6	6	40	40	1.1685	14	0.35	
6	6	40	50	1.2021	12	0.3	
6	6	40	60	1.2324	13	0.325	
6	6	40	70	1.1388	10	0.25	
6	6	40	80	1.0608	7	0.175	
6	6	40	90	1.1859	9	0.225	
6	6	40	100	1.17	8	0.2	
6	6	50	0	1.8723	50	1	
6	6	50	10	1.6069	31	0.62	
6	6	50	20	1.5767	22	0.44	
6	6	50	30	1.5281	19	0.38	
6	6	50	40	1.4821	18	0.36	
6	6	50	50	1.4197	14	0.28	
6	6	50	60	1.3419	11	0.22	
6	6	50	70	1.2812	7	0.14	
6	6	50	80	1.4987	19	0.38	
6	6	50	90	1.2812	7	0.14	
6	6	50	100	1.3193	9	0.18	
6	6	60	0	2.2037	60	1	
6	6	60	10	1.9931	37	0.616666666666667	
6	6	60	20	1.9365	30	0.5	
6	6	60	30	2.0155	31	0.516666666666667	
6	6	60	40	1.9161	21	0.35	
6	6	60	50	2.2283	24	0.4	
6	6	60	60	2.2009	27	0.45	
6	6	60	70	2.1373	18	0.3	
6	6	60	80	1.9033	16	0.266666666666667	
6	6	60	90	1.7807	17	0.283333333333333	
6	6	60	100	2.0593	15	0.25	
6	6	70	0	3.2431	70	1	
6	6	70	10	2.9339	44	0.628571428571429	
6	6	70	20	2.6845	33	0.471428571428571	
6	6	70	30	2.3119	16	0.228571428571429	
6	6	70	40	2.4601	25	0.357142857142857	
6	6	70	50	2.2465	15	0.214285714285714	
6	6	70	60	2.6719	23	0.328571428571429	
6	6	70	70	2.4649	12	0.171428571428571	
6	6	70	80	2.4913	12	0.171428571428571	
6	6	70	90	2.3285	15	0.214285714285714	
6	6	70	100	2.1315	8	0.114285714285714	
6	6	80	0	3.7383	80	1	
6	6	80	10	3.7909	57	0.7125	
6	6	80	20	3.0413	36	0.45	
6	6	80	30	2.6023	31	0.3875	
6	6	80	40	2.3091	27	0.3375	
6	6	80	50	2.3099	26	0.325	
6	6	80	60	2.0897	23	0.2875	
6	6	80	70	2.2309	21	0.2625	
6	6	80	80	2.3091	20	0.25	
6	6	80	90	2.2153	21	0.2625	
6	6	80	100	2.1883	20	0.25	
6	6	90	0	3.4811	90	1	
6	6	90	10	3.0287	58	0.644444444444444	
6	6	90	20	3.0129	52	0.577777777777778	
6	6	90	30	2.9125	43	0.477777777777778	
6	6	90	40	2.6989	38	0.422222222222222	
6	6	90	50	2.6221	31	0.344444444444444	
6	6	90	60	2.5137	28	0.311111111111111	
6	6	90	70	2.5391	31	0.344444444444444	
6	6	90	80	2.7221	36	0.4	
6	6	90	90	2.5803	28	0.311111111111111	
6	6	90	100	2.4787	27	0.3	
6	6	100	0	3.7197	100	1	
6	6	100	10	3.7149	81	0.81	
6	6	100	20	3.3045	60	0.6	
6	6	100	30	3.2295	52	0.52	
6	6	100	40	3.1543	52	0.52	
6	6	100	50	3.3067	47	0.47	
6	6	100	60	3.1319	48	0.48	
6	6	100	70	2.9505	38	0.38	
6	6	100	80	3.0257	40	0.4	
6	6	100	90	3.0189	40	0.4	
6	6	100	100	3.1435	40	0.4	
7	6	10	0	0.392	10	1	
7	6	10	10	0.354	3	0.3	
7	6	10	20	0.4348	2	0.2	
7	6	10	30	0.3588	1	0.1	
7	6	10	40	0.312	0	0	
7	6	10	50	0.3432	0	0	
7	6	10	60	0.3432	0	0	
7	6	10	70	0.3588	1	0.1	
7	6	10	80	0.3588	0	0	
7	6	10	90	0.391	0	0	
7	6	10	100	0.4524	0	0	
7	6	20	0	0.702	20	1	
7	6	20	10	0.7498	11	0.55	
7	6	20	20	0.6874	7	0.35	
7	6	20	30	0.6922	8	0.4	
7	6	20	40	0.6572	5	0.25	
7	6	20	50	0.666	3	0.15	
7	6	20	60	0.7332	5	0.25	
7	6	20	70	0.624	3	0.15	
7	6	20	80	0.624	2	0.1	
7	6	20	90	0.6552	3	0.15	
7	6	20	100	0.7502	2	0.1	
7	6	30	0	1.2394	30	1	
7	6	30	10	1.014	14	0.466666666666667	
7	6	30	20	0.8112	6	0.2	
7	6	30	30	0.858	9	0.3	
7	6	30	40	0.8424	8	0.266666666666667	
7	6	30	50	0.8396	6	0.2	
7	6	30	60	0.8892	8	0.266666666666667	
7	6	30	70	0.9048	5	0.166666666666667	
7	6	30	80	0.9048	5	0.166666666666667	
7	6	30	90	0.8112	4	0.133333333333333	
7	6	30	100	0.8424	4	0.133333333333333	
7	6	40	0	1.5165	40	1	
7	6	40	10	1.2812	20	0.5	
7	6	40	20	1.171	17	0.425	
7	6	40	30	1.1408	18	0.45	
7	6	40	40	1.1497	11	0.275	
7	6	40	50	1.1856	14	0.35	
7	6	40	60	1.2012	9	0.225	
7	6	40	70	1.17	5	0.125	
7	6	40	80	1.0964	8	0.2	
7	6	40	90	1.1336	10	0.25	
7	6	40	100	1.1232	10	0.25	
7	6	50	0	2.0239	50	1	
7	6	50	10	1.9003	35	0.7	
7	6	50	20	1.8048	25	0.5	
7	6	50	30	1.5182	20	0.4	
7	6	50	40	1.4678	17	0.34	
7	6	50	50	1.4105	14	0.28	
7	6	50	60	1.4976	16	0.32	
7	6	50	70	1.5756	12	0.24	
7	6	50	80	1.4179	11	0.22	
7	6	50	90	1.4216	11	0.22	
7	6	50	100	1.3572	10	0.2	
7	6	60	0	2.0905	60	1	
7	6	60	10	1.9813	38	0.633333333333333	
7	6	60	20	2.5305	45	0.75	
7	6	60	30	1.8273	25	0.416666666666667	
7	6	60	40	1.8501	29	0.483333333333333	
7	6	60	50	1.8585	23	0.383333333333333	
7	6	60	60	1.8585	21	0.35	
7	6	60	70	1.8829	20	0.333333333333333	
7	6	60	80	1.8117	19	0.316666666666667	
7	6	60	90	1.7933	19	0.316666666666667	
7	6	60	100	1.8061	15	0.25	
7	6	70	0	2.7009	70	1	
7	6	70	10	2.4963	50	0.714285714285714	
7	6	70	20	2.1373	28	0.4	
7	6	70	30	2.0761	31	0.442857142857143	
7	6	70	40	1.9823	26	0.371428571428571	
7	6	70	50	2.0613	30	0.428571428571429	
7	6	70	60	2.4173	21	0.3	
7	6	70	70	1.9813	25	0.357142857142857	
7	6	70	80	2.0615	23	0.328571428571429	
7	6	70	90	2.1227	23	0.328571428571429	
7	6	70	100	2.1471	17	0.242857142857143	
7	6	80	0	3.0587	80	1	
7	6	80	10	2.7419	57	0.7125	
7	6	80	20	2.4211	44	0.55	
7	6	80	30	2.6347	37	0.4625	
7	6	80	40	2.6093	40	0.5	
7	6	80	50	2.3947	35	0.4375	
7	6	80	60	2.3577	31	0.3875	
7	6	80	70	2.2137	24	0.3	
7	6	80	80	2.4503	31	0.3875	
7	6	80	90	2.1365	22	0.275	
7	6	80	100	2.3869	28	0.35	
7	6	90	0	3.3073	90	1	
7	6	90	10	3.135	58	0.644444444444444	
7	6	90	20	2.6873	43	0.477777777777778	
7	6	90	30	3.127	48	0.533333333333333	
7	6	90	40	2.8239	39	0.433333333333333	
7	6	90	50	2.4835	29	0.322222222222222	
7	6	90	60	2.6347	30	0.333333333333333	
7	6	90	70	2.5273	27	0.3	
7	6	90	80	2.4193	22	0.244444444444444	
7	6	90	90	2.2943	18	0.2	
7	6	90	100	2.4601	22	0.244444444444444	
7	6	100	0	3.7929	100	1	
7	6	100	10	3.5043	68	0.68	
7	6	100	20	3.1651	53	0.53	
7	6	100	30	3.1241	59	0.59	
7	6	100	40	2.9447	42	0.42	
7	6	100	50	3.1807	49	0.49	
7	6	100	60	3.0909	44	0.44	
7	6	100	70	3.4884	43	0.43	
7	6	100	80	3.0037	42	0.42	
7	6	100	90	2.9121	33	0.33	
7	6	100	100	2.7781	30	0.3	
8	6	10	0	0.4076	10	1	
8	6	10	10	0.468	3	0.3	
8	6	10	20	0.4056	1	0.1	
8	6	10	30	0.3432	1	0.1	
8	6	10	40	0.312	0	0	
8	6	10	50	0.39	0	0	
8	6	10	60	0.3276	0	0	
8	6	10	70	0.358	0	0	
8	6	10	80	0.3432	0	0	
8	6	10	90	0.3276	0	0	
8	6	10	100	0.3744	0	0	
8	6	20	0	0.7752	20	1	
8	6	20	10	0.7956	13	0.65	
8	6	20	20	0.6708	10	0.5	
8	6	20	30	0.6552	6	0.3	
8	6	20	40	0.5928	7	0.35	
8	6	20	50	0.5772	6	0.3	
8	6	20	60	0.6084	5	0.25	
8	6	20	70	0.6076	4	0.2	
8	6	20	80	0.6658	6	0.3	
8	6	20	90	0.5928	4	0.2	
8	6	20	100	0.624	6	0.3	
8	6	30	0	1.014	30	1	
8	6	30	10	0.9831	19	0.633333333333333	
8	6	30	20	0.9048	12	0.4	
8	6	30	30	0.936	12	0.4	
8	6	30	40	1.0452	13	0.433333333333333	
8	6	30	50	0.9048	10	0.333333333333333	
8	6	30	60	0.9488	11	0.366666666666667	
8	6	30	70	0.8746	9	0.3	
8	6	30	80	0.8892	8	0.266666666666667	
8	6	30	90	0.9048	9	0.3	
8	6	30	100	0.858	5	0.166666666666667	
8	6	40	0	1.4431	40	1	
8	6	40	10	1.327	25	0.625	
8	6	40	20	1.249	16	0.4	
8	6	40	30	1.2042	9	0.225	
8	6	40	40	1.0093	8	0.2	
8	6	40	50	1.1554	13	0.325	
8	6	40	60	1.1096	9	0.225	
8	6	40	70	1.1554	7	0.175	
8	6	40	80	1.1682	7	0.175	
8	6	40	90	1.3855	11	0.275	
8	6	40	100	1.171	8	0.2	
8	6	50	0	1.8479	50	1	
8	6	50	10	1.6779	32	0.64	
8	6	50	20	1.5779	24	0.48	
8	6	50	30	1.5913	21	0.42	
8	6	50	40	1.4976	20	0.4	
8	6	50	50	1.3263	12	0.24	
8	6	50	60	1.326	11	0.22	
8	6	50	70	1.3582	11	0.22	
8	6	50	80	1.2956	11	0.22	
8	6	50	90	1.3517	7	0.14	
8	6	50	100	1.5298	11	0.22	
8	6	60	0	2.4649	60	1	
8	6	60	10	1.8805	33	0.55	
8	6	60	20	1.9997	30	0.5	
8	6	60	30	2.2933	23	0.383333333333333	
8	6	60	40	1.9815	19	0.316666666666667	
8	6	60	50	1.8721	16	0.266666666666667	
8	6	60	60	1.9815	17	0.283333333333333	
8	6	60	70	1.8721	12	0.2	
8	6	60	80	1.7327	15	0.25	
8	6	60	90	1.8391	12	0.2	
8	6	60	100	1.4976	7	0.116666666666667	
8	6	70	0	2.6279	70	1	
8	6	70	10	2.4037	46	0.657142857142857	
8	6	70	20	2.1257	36	0.514285714285714	
8	6	70	30	2.1647	33	0.471428571428571	
8	6	70	40	2.0925	29	0.414285714285714	
8	6	70	50	2.0077	27	0.385714285714286	
8	6	70	60	2.2183	29	0.414285714285714	
8	6	70	70	2.1997	27	0.385714285714286	
8	6	70	80	1.9941	22	0.314285714285714	
8	6	70	90	1.9501	19	0.271428571428571	
8	6	70	100	1.9805	17	0.242857142857143	
8	6	80	0	3.2487	80	1	
8	6	80	10	3.2185	51	0.6375	
8	6	80	20	2.8107	50	0.625	
8	6	80	30	3.1339	40	0.5	
8	6	80	40	2.9183	26	0.325	
8	6	80	50	2.5099	33	0.4125	
8	6	80	60	2.0446	21	0.2625	
8	6	80	70	2.1673	20	0.25	
8	6	80	80	2.1704	19	0.2375	
8	6	80	90	2.1833	21	0.2625	
8	6	80	100	2.4005	22	0.275	
8	6	90	0	3.2791	90	1	
8	6	90	10	3.0323	64	0.711111111111111	
8	6	90	20	2.4921	38	0.422222222222222	
8	6	90	30	2.7157	41	0.455555555555556	
8	6	90	40	2.6709	41	0.455555555555556	
8	6	90	50	2.8891	38	0.422222222222222	
8	6	90	60	2.5723	31	0.344444444444444	
8	6	90	70	2.421	25	0.277777777777778	
8	6	90	80	2.4289	26	0.288888888888889	
8	6	90	90	2.3722	24	0.266666666666667	
8	6	90	100	2.3841	21	0.233333333333333	
8	6	100	0	3.7795	100	1	
8	6	100	10	3.4157	73	0.73	
8	6	100	20	3.3541	67	0.67	
8	6	100	30	3.1193	56	0.56	
8	6	100	40	3.0443	49	0.49	
8	6	100	50	2.9943	49	0.49	
8	6	100	60	2.9769	43	0.43	
8	6	100	70	2.8871	40	0.4	
8	6	100	80	2.8395	37	0.37	
8	6	100	90	2.6833	32	0.32	
8	6	100	100	3.0413	28	0.28	
9	6	10	0	0.4992	10	1	
9	6	10	10	0.37	2	0.2	
9	6	10	20	0.395	1	0.1	
9	6	10	30	0.4124	2	0.2	
9	6	10	40	0.39	2	0.2	
9	6	10	50	0.39	2	0.2	
9	6	10	60	0.3452	0	0	
9	6	10	70	0.312	0	0	
9	6	10	80	0.3744	0	0	
9	6	10	90	0.3608	0	0	
9	6	10	100	0.312	0	0	
9	6	20	0	0.7966	20	1	
9	6	20	10	0.6552	8	0.4	
9	6	20	20	0.5772	2	0.1	
9	6	20	30	0.5928	3	0.15	
9	6	20	40	0.5772	2	0.1	
9	6	20	50	0.5616	1	0.05	
9	6	20	60	0.5724	2	0.1	
9	6	20	70	0.5616	1	0.05	
9	6	20	80	0.5616	1	0.05	
9	6	20	90	0.5616	1	0.05	
9	6	20	100	0.5304	0	0	
9	6	30	0	1.1672	30	1	
9	6	30	10	0.8268	9	0.3	
9	6	30	20	0.9204	11	0.366666666666667	
9	6	30	30	0.8424	6	0.2	
9	6	30	40	0.8112	6	0.2	
9	6	30	50	0.8424	6	0.2	
9	6	30	60	0.8728	8	0.266666666666667	
9	6	30	70	0.7332	1	0.0333333333333333	
9	6	30	80	0.8424	4	0.133333333333333	
9	6	30	90	0.9672	2	0.0666666666666667	
9	6	30	100	0.7176	0	0	
9	6	40	0	1.3564	40	1	
9	6	40	10	1.3884	24	0.6	
9	6	40	20	1.2324	19	0.475	
9	6	40	30	1.1544	15	0.375	
9	6	40	40	1.1546	14	0.35	
9	6	40	50	1.0452	6	0.15	
9	6	40	60	1.0764	5	0.125	
9	6	40	70	1.1544	8	0.2	
9	6	40	80	1.0214	5	0.125	
9	6	40	90	1.0994	7	0.175	
9	6	40	100	0.9984	4	0.1	
9	6	50	0	1.7978	50	1	
9	6	50	10	1.7604	34	0.68	
9	6	50	20	2.2492	23	0.46	
9	6	50	30	1.9487	21	0.42	
9	6	50	40	1.536	17	0.34	
9	6	50	50	1.6473	12	0.24	
9	6	50	60	1.6467	13	0.26	
9	6	50	70	1.4871	9	0.18	
9	6	50	80	1.8082	20	0.4	
9	6	50	90	1.6285	15	0.3	
9	6	50	100	1.5566	17	0.34	
9	6	60	0	1.9167	44	0.733333333333333	
9	6	60	10	1.8867	30	0.5	
9	6	60	20	1.8193	24	0.4	
9	6	60	30	2.336	21	0.35	
9	6	60	40	2.5073	22	0.366666666666667	
9	6	60	50	1.8632	20	0.333333333333333	
9	6	60	60	1.9942	23	0.383333333333333	
9	6	60	70	1.7232	15	0.25	
9	6	60	80	1.8398	19	0.316666666666667	
9	6	60	90	1.6434	14	0.233333333333333	
9	6	60	100	1.6061	13	0.216666666666667	
9	6	70	0	2.6553	70	1	
9	6	70	10	2.4144	47	0.671428571428571	
9	6	70	20	2.1375	32	0.457142857142857	
9	6	70	30	2.1416	29	0.414285714285714	
9	6	70	40	2.3525	27	0.385714285714286	
9	6	70	50	2.5523	24	0.342857142857143	
9	6	70	60	2.0282	21	0.3	
9	6	70	70	2.0171	22	0.314285714285714	
9	6	70	80	2.1923	20	0.285714285714286	
9	6	70	90	2.3567	16	0.228571428571429	
9	6	70	100	1.9822	18	0.257142857142857	
9	6	80	0	2.9117	80	1	
9	6	80	10	3.0363	62	0.775	
9	6	80	20	3.0313	47	0.5875	
9	6	80	30	2.8483	44	0.55	
9	6	80	40	2.6659	47	0.5875	
9	6	80	50	2.341	30	0.375	
9	6	80	60	2.1948	29	0.3625	
9	6	80	70	2.2827	31	0.3875	
9	6	80	80	2.2036	21	0.2625	
9	6	80	90	2.2453	19	0.2375	
9	6	80	100	2.3913	23	0.2875	
9	6	90	0	3.6882	90	1	
9	6	90	10	3.5725	59	0.655555555555556	
9	6	90	20	2.7137	42	0.466666666666667	
9	6	90	30	2.8175	48	0.533333333333333	
9	6	90	40	3.0619	38	0.422222222222222	
9	6	90	50	2.7495	37	0.411111111111111	
9	6	90	60	2.8368	29	0.322222222222222	
9	6	90	70	3.1978	35	0.388888888888889	
9	6	90	80	2.6733	31	0.344444444444444	
9	6	90	90	2.6941	25	0.277777777777778	
9	6	90	100	2.5205	23	0.255555555555556	
9	6	100	0	4.156	100	1	
9	6	100	10	3.5575	57	0.57	
9	6	100	20	3.2298	50	0.5	
9	6	100	30	3.4601	54	0.54	
9	6	100	40	2.9979	40	0.4	
9	6	100	50	3.1775	43	0.43	
9	6	100	60	2.9059	38	0.38	
9	6	100	70	3.2133	40	0.4	
9	6	100	80	3.1177	32	0.32	
9	6	100	90	2.7939	26	0.26	
9	6	100	100	2.9085	25	0.25	
10	6	10	0	0.4448	10	1	
10	6	10	10	0.3784	2	0.2	
10	6	10	20	0.453	3	0.3	
10	6	10	30	0.5872	2	0.2	
10	6	10	40	0.332	2	0.2	
10	6	10	50	0.4242	1	0.1	
10	6	10	60	0.392	2	0.2	
10	6	10	70	0.392	1	0.1	
10	6	10	80	0.3834	0	0	
10	6	10	90	0.393	1	0.1	
10	6	10	100	0.3706	0	0	
10	6	20	0	0.806	20	1	
10	6	20	10	1.0225	11	0.55	
10	6	20	20	0.803	7	0.35	
10	6	20	30	0.7197	3	0.15	
10	6	20	40	0.551	1	0.05	
10	6	20	50	0.6338	3	0.15	
10	6	20	60	0.5912	2	0.1	
10	6	20	70	0.8023	2	0.1	
10	6	20	80	0.8439	3	0.15	
10	6	20	90	0.5754	0	0	
10	6	20	100	0.6524	0	0	
10	6	30	0	1.2776	30	1	
10	6	30	10	1.1605	12	0.4	
10	6	30	20	1.4009	12	0.4	
10	6	30	30	1.0417	11	0.366666666666667	
10	6	30	40	0.8478	4	0.133333333333333	
10	6	30	50	0.9242	6	0.2	
10	6	30	60	0.8564	5	0.166666666666667	
10	6	30	70	0.7438	3	0.1	
10	6	30	80	0.859	3	0.1	
10	6	30	90	0.8064	3	0.1	
10	6	30	100	0.7718	2	0.0666666666666667	
10	6	40	0	1.4446	40	1	
10	6	40	10	1.3961	22	0.55	
10	6	40	20	1.0134	7	0.175	
10	6	40	30	1.1992	11	0.275	
10	6	40	40	1.1018	8	0.2	
10	6	40	50	1.0804	6	0.15	
10	6	40	60	1.2275	6	0.15	
10	6	40	70	1.1605	6	0.15	
10	6	40	80	1.4877	4	0.1	
10	6	40	90	1.4347	4	0.1	
10	6	40	100	1.357	5	0.125	
10	6	50	0	2.0091	50	1	
10	6	50	10	1.8448	30	0.6	
10	6	50	20	1.718	22	0.44	
10	6	50	30	1.6137	19	0.38	
10	6	50	40	1.5992	23	0.46	
10	6	50	50	1.4206	17	0.34	
10	6	50	60	1.3468	13	0.26	
10	6	50	70	1.406	14	0.28	
10	6	50	80	1.5776	14	0.28	
10	6	50	90	1.4418	7	0.14	
10	6	50	100	1.4862	13	0.26	
10	6	60	0	2.3454	60	1	
10	6	60	10	2.7339	42	0.7	
10	6	60	20	2.8359	34	0.566666666666667	
10	6	60	30	2.1783	24	0.4	
10	6	60	40	2.202	20	0.333333333333333	
10	6	60	50	2.3861	22	0.366666666666667	
10	6	60	60	2.5027	19	0.316666666666667	
10	6	60	70	2.2201	17	0.283333333333333	
10	6	60	80	1.6294	11	0.183333333333333	
10	6	60	90	1.7688	15	0.25	
10	6	60	100	1.9241	14	0.233333333333333	
10	6	70	0	2.6835	70	1	
10	6	70	10	2.2685	36	0.514285714285714	
10	6	70	20	2.5023	35	0.5	
10	6	70	30	2.2551	33	0.471428571428571	
10	6	70	40	2.1563	26	0.371428571428571	
10	6	70	50	1.8743	21	0.3	
10	6	70	60	2.2627	27	0.385714285714286	
10	6	70	70	1.9213	20	0.285714285714286	
10	6	70	80	2.133	19	0.271428571428571	
10	6	70	90	1.9393	15	0.214285714285714	
10	6	70	100	1.7329	12	0.171428571428571	
10	6	80	0	3.0689	80	1	
10	6	80	10	2.8549	57	0.7125	
10	6	80	20	2.9809	42	0.525	
10	6	80	30	2.5438	36	0.45	
10	6	80	40	2.5683	37	0.4625	
10	6	80	50	2.5817	34	0.425	
10	6	80	60	2.6633	38	0.475	
10	6	80	70	2.4667	33	0.4125	
10	6	80	80	2.6349	33	0.4125	
10	6	80	90	2.4767	29	0.3625	
10	6	80	100	2.1714	19	0.2375	
10	6	90	0	3.3249	90	1	
10	6	90	10	3.3275	70	0.777777777777778	
10	6	90	20	3.0265	57	0.633333333333333	
10	6	90	30	2.7287	42	0.466666666666667	
10	6	90	40	3.0115	41	0.455555555555556	
10	6	90	50	2.7809	35	0.388888888888889	
10	6	90	60	2.5245	27	0.3	
10	6	90	70	2.5897	30	0.333333333333333	
10	6	90	80	2.5919	30	0.333333333333333	
10	6	90	90	2.6209	28	0.311111111111111	
10	6	90	100	2.4611	21	0.233333333333333	
10	6	100	0	4.0835	100	1	
10	6	100	10	3.5425	70	0.7	
10	6	100	20	3.1855	52	0.52	
10	6	100	30	3.1409	53	0.53	
10	6	100	40	3.2107	50	0.5	
10	6	100	50	2.9807	41	0.41	
10	6	100	60	3.2371	52	0.52	
10	6	100	70	2.8549	33	0.33	
10	6	100	80	2.9673	39	0.39	
10	6	100	90	3.1173	36	0.36	
10	6	100	100	3.0013	35	0.35	
