seed	V	N	B	n_transparent	
1	10	0	6	4	
1	10	2	6	4	
1	10	4	6	4	
1	10	6	6	4	
1	10	8	6	4	
1	10	10	6	4	
1	10	12	6	4	
1	10	14	6	4	
1	10	16	6	4	
1	10	18	6	4	
1	10	20	6	4	
1	20	0	8	12	
1	20	4	8	9	
1	20	8	8	9	
1	20	12	8	9	
1	20	16	8	9	
1	20	20	8	9	
1	20	24	8	9	
1	20	28	8	8	
1	20	32	8	8	
1	20	36	8	8	
1	20	40	8	8	
1	30	0	10	20	
1	30	6	10	16	
1	30	12	10	16	
1	30	18	10	16	
1	30	24	10	15	
1	30	30	10	15	
1	30	36	10	15	
1	30	42	10	14	
1	30	48	10	14	
1	30	54	10	14	
1	30	60	10	14	
1	40	0	10	30	
1	40	8	10	23	
1	40	16	10	23	
1	40	24	10	23	
1	40	32	10	21	
1	40	40	10	21	
1	40	48	10	21	
1	40	56	10	21	
1	40	64	10	21	
1	40	72	10	21	
1	40	80	10	21	
1	50	0	14	36	
1	50	10	14	34	
1	50	20	14	30	
1	50	30	14	29	
1	50	40	14	26	
1	50	50	14	24	
1	50	60	14	24	
1	50	70	14	24	
1	50	80	14	24	
1	50	90	14	24	
1	50	100	14	24	
1	60	0	13	47	
1	60	12	13	36	
1	60	24	13	35	
1	60	36	13	31	
1	60	48	13	31	
1	60	60	13	28	
1	60	72	13	27	
1	60	84	13	27	
1	60	96	13	26	
1	60	108	13	26	
1	60	120	13	26	
1	70	0	13	57	
1	70	14	13	46	
1	70	28	13	45	
1	70	42	13	42	
1	70	56	13	41	
1	70	70	13	41	
1	70	84	13	38	
1	70	98	13	38	
1	70	112	13	38	
1	70	126	13	36	
1	70	140	13	35	
1	80	0	13	67	
1	80	16	13	55	
1	80	32	13	50	
1	80	48	13	50	
1	80	64	13	48	
1	80	80	13	48	
1	80	96	13	47	
1	80	112	13	45	
1	80	128	13	45	
1	80	144	13	44	
1	80	160	13	44	
1	90	0	11	79	
1	90	18	11	66	
1	90	36	11	59	
1	90	54	11	58	
1	90	72	11	58	
1	90	90	11	57	
1	90	108	11	57	
1	90	126	11	56	
1	90	144	11	56	
1	90	162	11	54	
1	90	180	11	53	
1	100	0	17	83	
1	100	20	17	74	
1	100	40	17	71	
1	100	60	17	66	
1	100	80	17	63	
1	100	100	17	59	
1	100	120	17	58	
1	100	140	17	57	
1	100	160	17	57	
1	100	180	17	57	
1	100	200	17	57	
2	10	0	6	4	
2	10	2	6	3	
2	10	4	6	3	
2	10	6	6	3	
2	10	8	6	3	
2	10	10	6	3	
2	10	12	6	3	
2	10	14	6	3	
2	10	16	6	3	
2	10	18	6	3	
2	10	20	6	3	
2	20	0	7	13	
2	20	4	7	9	
2	20	8	7	9	
2	20	12	7	9	
2	20	16	7	9	
2	20	20	7	8	
2	20	24	7	8	
2	20	28	7	8	
2	20	32	7	8	
2	20	36	7	8	
2	20	40	7	8	
2	30	0	7	23	
2	30	6	7	20	
2	30	12	7	19	
2	30	18	7	18	
2	30	24	7	18	
2	30	30	7	18	
2	30	36	7	16	
2	30	42	7	15	
2	30	48	7	15	
2	30	54	7	15	
2	30	60	7	15	
2	40	0	12	28	
2	40	8	12	21	
2	40	16	12	20	
2	40	24	12	20	
2	40	32	12	19	
2	40	40	12	19	
2	40	48	12	19	
2	40	56	12	18	
2	40	64	12	18	
2	40	72	12	18	
2	40	80	12	18	
2	50	0	12	38	
2	50	10	12	30	
2	50	20	12	30	
2	50	30	12	29	
2	50	40	12	29	
2	50	50	12	29	
2	50	60	12	28	
2	50	70	12	28	
2	50	80	12	28	
2	50	90	12	28	
2	50	100	12	28	
2	60	0	13	47	
2	60	12	13	40	
2	60	24	13	39	
2	60	36	13	38	
2	60	48	13	37	
2	60	60	13	36	
2	60	72	13	36	
2	60	84	13	36	
2	60	96	13	36	
2	60	108	13	36	
2	60	120	13	35	
2	70	0	8	62	
2	70	14	8	50	
2	70	28	8	47	
2	70	42	8	45	
2	70	56	8	45	
2	70	70	8	44	
2	70	84	8	44	
2	70	98	8	44	
2	70	112	8	41	
2	70	126	8	41	
2	70	140	8	41	
2	80	0	11	69	
2	80	16	11	51	
2	80	32	11	49	
2	80	48	11	49	
2	80	64	11	47	
2	80	80	11	47	
2	80	96	11	45	
2	80	112	11	45	
2	80	128	11	45	
2	80	144	11	45	
2	80	160	11	45	
2	90	0	10	80	
2	90	18	10	60	
2	90	36	10	52	
2	90	54	10	51	
2	90	72	10	49	
2	90	90	10	48	
2	90	108	10	48	
2	90	126	10	48	
2	90	144	10	48	
2	90	162	10	48	
2	90	180	10	47	
2	100	0	14	86	
2	100	20	14	72	
2	100	40	14	69	
2	100	60	14	68	
2	100	80	14	65	
2	100	100	14	65	
2	100	120	14	63	
2	100	140	14	62	
2	100	160	14	62	
2	100	180	14	62	
2	100	200	14	62	
3	10	0	8	2	
3	10	2	8	2	
3	10	4	8	2	
3	10	6	8	2	
3	10	8	8	2	
3	10	10	8	2	
3	10	12	8	2	
3	10	14	8	2	
3	10	16	8	2	
3	10	18	8	2	
3	10	20	8	2	
3	20	0	10	10	
3	20	4	10	8	
3	20	8	10	8	
3	20	12	10	8	
3	20	16	10	8	
3	20	20	10	8	
3	20	24	10	8	
3	20	28	10	8	
3	20	32	10	8	
3	20	36	10	7	
3	20	40	10	7	
3	30	0	11	19	
3	30	6	11	19	
3	30	12	11	18	
3	30	18	11	18	
3	30	24	11	18	
3	30	30	11	18	
3	30	36	11	18	
3	30	42	11	18	
3	30	48	11	18	
3	30	54	11	18	
3	30	60	11	18	
3	40	0	9	31	
3	40	8	9	24	
3	40	16	9	21	
3	40	24	9	21	
3	40	32	9	21	
3	40	40	9	20	
3	40	48	9	20	
3	40	56	9	20	
3	40	64	9	19	
3	40	72	9	19	
3	40	80	9	18	
3	50	0	10	40	
3	50	10	10	30	
3	50	20	10	29	
3	50	30	10	28	
3	50	40	10	27	
3	50	50	10	27	
3	50	60	10	26	
3	50	70	10	25	
3	50	80	10	25	
3	50	90	10	25	
3	50	100	10	25	
3	60	0	12	48	
3	60	12	12	43	
3	60	24	12	40	
3	60	36	12	39	
3	60	48	12	38	
3	60	60	12	38	
3	60	72	12	37	
3	60	84	12	35	
3	60	96	12	35	
3	60	108	12	35	
3	60	120	12	34	
3	70	0	11	59	
3	70	14	11	53	
3	70	28	11	48	
3	70	42	11	44	
3	70	56	11	39	
3	70	70	11	39	
3	70	84	11	38	
3	70	98	11	38	
3	70	112	11	38	
3	70	126	11	38	
3	70	140	11	37	
3	80	0	15	65	
3	80	16	15	52	
3	80	32	15	51	
3	80	48	15	49	
3	80	64	15	49	
3	80	80	15	49	
3	80	96	15	47	
3	80	112	15	47	
3	80	128	15	47	
3	80	144	15	47	
3	80	160	15	47	
3	90	0	15	75	
3	90	18	15	59	
3	90	36	15	55	
3	90	54	15	54	
3	90	72	15	53	
3	90	90	15	53	
3	90	108	15	52	
3	90	126	15	52	
3	90	144	15	50	
3	90	162	15	49	
3	90	180	15	48	
