seed	vertices	directions	virtual_terminals	
1	10	L2	9	
1	10	L3	9	
1	10	L4	10	
1	10	L5	10	
1	20	L2	17	
1	20	L3	20	
1	20	L4	20	
1	20	L5	20	
1	30	L2	28	
1	30	L3	28	
1	30	L4	29	
1	30	L5	29	
1	40	L2	34	
1	40	L3	35	
1	40	L4	37	
1	40	L5	38	
1	50	L2	42	
1	50	L3	44	
1	50	L4	45	
1	50	L5	46	
1	60	L2	47	
1	60	L3	50	
1	60	L4	54	
1	60	L5	54	
1	70	L2	55	
1	70	L3	58	
1	70	L4	63	
1	70	L5	62	
1	80	L2	67	
1	80	L3	75	
1	80	L4	70	
1	80	L5	75	
1	90	L2	79	
1	90	L3	79	
1	90	L4	82	
1	90	L5	83	
1	100	L2	83	
1	100	L3	88	
1	100	L4	92	
1	100	L5	93	
2	10	L2	10	
2	10	L3	10	
2	10	L4	10	
2	10	L5	10	
2	20	L2	14	
2	20	L3	16	
2	20	L4	16	
2	20	L5	18	
2	30	L2	28	
2	30	L3	29	
2	30	L4	29	
2	30	L5	29	
2	40	L2	29	
2	40	L3	36	
2	40	L4	34	
2	40	L5	36	
2	50	L2	42	
2	50	L3	47	
2	50	L4	44	
2	50	L5	44	
2	60	L2	52	
2	60	L3	55	
2	60	L4	56	
2	60	L5	57	
2	70	L2	58	
2	70	L3	58	
2	70	L4	61	
2	70	L5	61	
2	80	L2	67	
2	80	L3	71	
2	80	L4	75	
2	80	L5	77	
2	90	L2	74	
2	90	L3	77	
2	90	L4	79	
2	90	L5	78	
2	100	L2	82	
2	100	L3	83	
2	100	L4	84	
2	100	L5	82	
3	10	L2	5	
3	10	L3	8	
3	10	L4	8	
3	10	L5	9	
3	20	L2	18	
3	20	L3	20	
3	20	L4	19	
3	20	L5	19	
3	30	L2	29	
3	30	L3	29	
3	30	L4	29	
3	30	L5	29	
3	40	L2	35	
3	40	L3	35	
3	40	L4	36	
3	40	L5	38	
3	50	L2	40	
3	50	L3	46	
3	50	L4	47	
3	50	L5	46	
3	60	L2	49	
3	60	L3	53	
3	60	L4	53	
3	60	L5	55	
3	70	L2	62	
3	70	L3	66	
3	70	L4	64	
3	70	L5	64	
3	80	L2	71	
3	80	L3	72	
3	80	L4	74	
3	80	L5	77	
3	90	L2	74	
3	90	L3	78	
3	90	L4	81	
3	90	L5	83	
3	100	L2	82	
3	100	L3	82	
3	100	L4	86	
3	100	L5	88	
4	10	L2	9	
4	10	L3	9	
4	10	L4	10	
4	10	L5	10	
4	20	L2	18	
4	20	L3	18	
4	20	L4	18	
4	20	L5	20	
4	30	L2	25	
4	30	L3	27	
4	30	L4	27	
4	30	L5	27	
4	40	L2	36	
4	40	L3	38	
4	40	L4	38	
4	40	L5	38	
4	50	L2	36	
4	50	L3	36	
4	50	L4	37	
4	50	L5	39	
4	60	L2	49	
4	60	L3	53	
4	60	L4	54	
4	60	L5	54	
4	70	L2	60	
4	70	L3	65	
4	70	L4	66	
4	70	L5	66	
4	80	L2	71	
4	80	L3	77	
4	80	L4	76	
4	80	L5	76	
4	90	L2	80	
4	90	L3	83	
4	90	L4	85	
4	90	L5	85	
4	100	L2	81	
4	100	L3	89	
4	100	L4	93	
4	100	L5	93	
5	10	L2	10	
5	10	L3	10	
5	10	L4	10	
5	10	L5	10	
5	20	L2	16	
5	20	L3	17	
5	20	L4	20	
5	20	L5	20	
5	30	L2	25	
5	30	L3	27	
5	30	L4	28	
5	30	L5	28	
5	40	L2	35	
5	40	L3	37	
5	40	L4	38	
5	40	L5	37	
5	50	L2	40	
5	50	L3	41	
5	50	L4	42	
5	50	L5	44	
5	60	L2	44	
5	60	L3	52	
5	60	L4	54	
5	60	L5	54	
5	70	L2	61	
5	70	L3	65	
5	70	L4	66	
5	70	L5	66	
5	80	L2	70	
5	80	L3	74	
5	80	L4	76	
5	80	L5	80	
5	90	L2	82	
5	90	L3	85	
5	90	L4	86	
5	90	L5	86	
5	100	L2	83	
5	100	L3	84	
5	100	L4	87	
5	100	L5	89	
6	10	L2	9	
6	10	L3	9	
6	10	L4	10	
6	10	L5	10	
6	20	L2	15	
6	20	L3	18	
6	20	L4	18	
6	20	L5	16	
6	30	L2	26	
6	30	L3	29	
6	30	L4	26	
6	30	L5	29	
6	40	L2	35	
6	40	L3	36	
6	40	L4	37	
6	40	L5	37	
6	50	L2	42	
6	50	L3	45	
6	50	L4	46	
6	50	L5	45	
6	60	L2	46	
6	60	L3	49	
6	60	L4	52	
6	60	L5	52	
6	70	L2	56	
6	70	L3	58	
6	70	L4	57	
6	70	L5	61	
6	80	L2	70	
6	80	L3	74	
6	80	L4	75	
6	80	L5	75	
6	90	L2	75	
6	90	L3	80	
6	90	L4	83	
6	90	L5	85	
6	100	L2	83	
6	100	L3	89	
6	100	L4	94	
6	100	L5	93	
7	10	L2	8	
7	10	L3	8	
7	10	L4	9	
7	10	L5	10	
7	20	L2	15	
7	20	L3	18	
7	20	L4	18	
7	20	L5	19	
7	30	L2	25	
7	30	L3	25	
7	30	L4	28	
7	30	L5	29	
7	40	L2	31	
7	40	L3	32	
7	40	L4	35	
7	40	L5	38	
7	50	L2	38	
7	50	L3	43	
7	50	L4	41	
7	50	L5	43	
7	60	L2	46	
7	60	L3	50	
7	60	L4	53	
7	60	L5	57	
7	70	L2	60	
7	70	L3	65	
7	70	L4	64	
7	70	L5	65	
7	80	L2	63	
7	80	L3	67	
7	80	L4	74	
7	80	L5	72	
7	90	L2	78	
7	90	L3	78	
7	90	L4	83	
7	90	L5	82	
7	100	L2	81	
7	100	L3	82	
7	100	L4	92	
7	100	L5	92	
8	10	L2	9	
8	10	L3	9	
8	10	L4	10	
8	10	L5	9	
8	20	L2	17	
8	20	L3	17	
8	20	L4	19	
8	20	L5	18	
8	30	L2	28	
8	30	L3	26	
8	30	L4	29	
8	30	L5	26	
8	40	L2	34	
8	40	L3	33	
8	40	L4	37	
8	40	L5	38	
8	50	L2	43	
8	50	L3	45	
8	50	L4	45	
8	50	L5	47	
8	60	L2	45	
8	60	L3	52	
8	60	L4	54	
8	60	L5	54	
8	70	L2	56	
8	70	L3	65	
8	70	L4	61	
8	70	L5	63	
8	80	L2	68	
8	80	L3	72	
8	80	L4	73	
8	80	L5	75	
8	90	L2	74	
8	90	L3	77	
8	90	L4	80	
8	90	L5	79	
8	100	L2	83	
8	100	L3	84	
8	100	L4	85	
8	100	L5	88	
9	10	L2	6	
9	10	L3	7	
9	10	L4	8	
9	10	L5	9	
9	20	L2	18	
9	20	L3	16	
9	20	L4	18	
9	20	L5	18	
9	30	L2	24	
9	30	L3	24	
9	30	L4	27	
9	30	L5	26	
9	40	L2	36	
9	40	L3	36	
9	40	L4	37	
9	40	L5	37	
9	50	L2	36	
9	50	L3	34	
9	50	L4	40	
9	50	L5	41	
9	60	L2	49	
9	60	L3	52	
9	60	L4	52	
9	60	L5	53	
9	70	L2	58	
9	70	L3	58	
9	70	L4	64	
9	70	L5	64	
9	80	L2	70	
9	80	L3	70	
9	80	L4	71	
9	80	L5	72	
9	90	L2	76	
9	90	L3	76	
9	90	L4	78	
9	90	L5	79	
9	100	L2	82	
9	100	L3	80	
9	100	L4	88	
9	100	L5	85	
10	10	L2	8	
10	10	L3	9	
10	10	L4	10	
10	10	L5	8	
10	20	L2	18	
10	20	L3	18	
10	20	L4	18	
10	20	L5	19	
10	30	L2	26	
10	30	L3	27	
10	30	L4	27	
10	30	L5	29	
10	40	L2	30	
10	40	L3	29	
10	40	L4	32	
10	40	L5	31	
10	50	L2	34	
10	50	L3	40	
10	50	L4	38	
10	50	L5	39	
10	60	L2	51	
10	60	L3	55	
10	60	L4	53	
10	60	L5	52	
10	70	L2	55	
10	70	L3	62	
10	70	L4	57	
10	70	L5	57	
10	80	L2	64	
10	80	L3	67	
10	80	L4	70	
10	80	L5	67	
10	90	L2	76	
10	90	L3	77	
10	90	L4	77	
10	90	L5	80	
10	100	L2	78	
10	100	L3	85	
10	100	L4	85	
10	100	L5	89	
11	10	L2	9	
11	10	L3	9	
11	10	L4	10	
11	10	L5	10	
11	20	L2	16	
11	20	L3	17	
11	20	L4	17	
11	20	L5	19	
11	30	L2	28	
11	30	L3	29	
11	30	L4	29	
11	30	L5	29	
11	40	L2	33	
11	40	L3	37	
11	40	L4	38	
11	40	L5	40	
11	50	L2	41	
11	50	L3	44	
11	50	L4	44	
11	50	L5	46	
11	60	L2	51	
11	60	L3	55	
11	60	L4	55	
11	60	L5	58	
11	70	L2	62	
11	70	L3	64	
11	70	L4	63	
11	70	L5	63	
11	80	L2	71	
11	80	L3	71	
11	80	L4	73	
11	80	L5	74	
11	90	L2	76	
11	90	L3	76	
11	90	L4	79	
11	90	L5	82	
11	100	L2	86	
11	100	L3	91	
11	100	L4	93	
11	100	L5	89	
12	10	L2	7	
12	10	L3	9	
12	10	L4	8	
12	10	L5	9	
12	20	L2	18	
12	20	L3	19	
12	20	L4	19	
12	20	L5	18	
12	30	L2	24	
12	30	L3	26	
12	30	L4	26	
12	30	L5	28	
12	40	L2	34	
12	40	L3	38	
12	40	L4	35	
12	40	L5	37	
12	50	L2	47	
12	50	L3	45	
12	50	L4	48	
12	50	L5	48	
12	60	L2	53	
12	60	L3	55	
12	60	L4	55	
12	60	L5	57	
12	70	L2	57	
12	70	L3	58	
12	70	L4	60	
12	70	L5	61	
12	80	L2	69	
12	80	L3	70	
12	80	L4	73	
12	80	L5	73	
12	90	L2	68	
12	90	L3	69	
12	90	L4	72	
12	90	L5	79	
12	100	L2	86	
12	100	L3	86	
12	100	L4	90	
12	100	L5	91	
13	10	L2	9	
13	10	L3	9	
13	10	L4	9	
13	10	L5	10	
13	20	L2	13	
13	20	L3	14	
13	20	L4	16	
13	20	L5	16	
13	30	L2	27	
13	30	L3	26	
13	30	L4	27	
13	30	L5	27	
13	40	L2	31	
13	40	L3	33	
13	40	L4	35	
13	40	L5	36	
13	50	L2	42	
13	50	L3	46	
13	50	L4	46	
13	50	L5	48	
13	60	L2	49	
13	60	L3	50	
13	60	L4	55	
13	60	L5	57	
13	70	L2	55	
13	70	L3	58	
13	70	L4	61	
13	70	L5	59	
13	80	L2	64	
13	80	L3	69	
13	80	L4	74	
13	80	L5	77	
13	90	L2	80	
13	90	L3	80	
13	90	L4	81	
13	90	L5	85	
13	100	L2	90	
13	100	L3	90	
13	100	L4	92	
13	100	L5	96	
14	10	L2	7	
14	10	L3	7	
14	10	L4	7	
14	10	L5	8	
14	20	L2	18	
14	20	L3	19	
14	20	L4	19	
14	20	L5	20	
14	30	L2	26	
14	30	L3	28	
14	30	L4	28	
14	30	L5	28	
14	40	L2	30	
14	40	L3	30	
14	40	L4	33	
14	40	L5	36	
14	50	L2	40	
14	50	L3	42	
14	50	L4	44	
14	50	L5	48	
14	60	L2	51	
14	60	L3	56	
14	60	L4	51	
14	60	L5	58	
14	70	L2	55	
14	70	L3	59	
14	70	L4	62	
14	70	L5	61	
14	80	L2	68	
14	80	L3	72	
14	80	L4	76	
14	80	L5	74	
14	90	L2	77	
14	90	L3	81	
14	90	L4	82	
14	90	L5	86	
14	100	L2	82	
14	100	L3	88	
14	100	L4	91	
14	100	L5	93	
15	10	L2	7	
15	10	L3	8	
15	10	L4	9	
15	10	L5	10	
15	20	L2	11	
15	20	L3	13	
15	20	L4	15	
15	20	L5	15	
15	30	L2	18	
15	30	L3	18	
15	30	L4	18	
15	30	L5	21	
15	40	L2	29	
15	40	L3	33	
15	40	L4	34	
15	40	L5	37	
15	50	L2	40	
15	50	L3	42	
15	50	L4	42	
15	50	L5	45	
15	60	L2	45	
15	60	L3	45	
15	60	L4	46	
15	60	L5	52	
15	70	L2	50	
15	70	L3	51	
15	70	L4	50	
15	70	L5	54	
15	80	L2	67	
15	80	L3	69	
15	80	L4	71	
15	80	L5	70	
15	90	L2	71	
15	90	L3	73	
15	90	L4	77	
15	90	L5	81	
15	100	L2	69	
15	100	L3	72	
15	100	L4	76	
15	100	L5	81	
16	10	L2	7	
16	10	L3	8	
16	10	L4	8	
16	10	L5	9	
16	20	L2	16	
16	20	L3	16	
16	20	L4	17	
16	20	L5	17	
16	30	L2	23	
16	30	L3	26	
16	30	L4	27	
16	30	L5	28	
16	40	L2	37	
16	40	L3	37	
16	40	L4	38	
16	40	L5	40	
16	50	L2	37	
16	50	L3	44	
16	50	L4	42	
16	50	L5	44	
16	60	L2	50	
16	60	L3	55	
16	60	L4	55	
16	60	L5	58	
16	70	L2	53	
16	70	L3	62	
16	70	L4	60	
16	70	L5	61	
16	80	L2	68	
16	80	L3	71	
16	80	L4	72	
16	80	L5	73	
16	90	L2	75	
16	90	L3	84	
16	90	L4	84	
16	90	L5	84	
16	100	L2	82	
16	100	L3	87	
16	100	L4	90	
16	100	L5	89	
17	10	L2	7	
17	10	L3	7	
17	10	L4	7	
17	10	L5	8	
17	20	L2	15	
17	20	L3	16	
17	20	L4	16	
17	20	L5	17	
17	30	L2	27	
17	30	L3	28	
17	30	L4	28	
17	30	L5	29	
17	40	L2	31	
17	40	L3	32	
17	40	L4	34	
17	40	L5	35	
17	50	L2	42	
17	50	L3	43	
17	50	L4	45	
17	50	L5	45	
17	60	L2	54	
17	60	L3	56	
17	60	L4	57	
17	60	L5	57	
17	70	L2	54	
17	70	L3	61	
17	70	L4	61	
17	70	L5	64	
17	80	L2	69	
17	80	L3	73	
17	80	L4	74	
17	80	L5	74	
17	90	L2	67	
17	90	L3	71	
17	90	L4	74	
17	90	L5	81	
17	100	L2	81	
17	100	L3	86	
17	100	L4	83	
17	100	L5	86	
18	10	L2	8	
18	10	L3	9	
18	10	L4	9	
18	10	L5	10	
18	20	L2	19	
18	20	L3	18	
18	20	L4	19	
18	20	L5	18	
18	30	L2	29	
18	30	L3	29	
18	30	L4	29	
18	30	L5	29	
18	40	L2	35	
18	40	L3	34	
18	40	L4	38	
18	40	L5	38	
18	50	L2	43	
18	50	L3	45	
18	50	L4	47	
18	50	L5	48	
18	60	L2	51	
18	60	L3	53	
18	60	L4	53	
18	60	L5	55	
18	70	L2	55	
18	70	L3	61	
18	70	L4	63	
18	70	L5	64	
18	80	L2	71	
18	80	L3	67	
18	80	L4	74	
18	80	L5	70	
18	90	L2	69	
18	90	L3	74	
18	90	L4	80	
18	90	L5	80	
18	100	L2	87	
18	100	L3	86	
18	100	L4	92	
18	100	L5	89	
19	10	L2	7	
19	10	L3	7	
19	10	L4	7	
19	10	L5	9	
19	20	L2	15	
19	20	L3	14	
19	20	L4	15	
19	20	L5	18	
19	30	L2	24	
19	30	L3	25	
19	30	L4	25	
19	30	L5	25	
19	40	L2	35	
19	40	L3	36	
19	40	L4	37	
19	40	L5	39	
19	50	L2	40	
19	50	L3	42	
19	50	L4	44	
19	50	L5	44	
19	60	L2	49	
19	60	L3	51	
19	60	L4	54	
19	60	L5	52	
19	70	L2	56	
19	70	L3	56	
19	70	L4	60	
19	70	L5	61	
19	80	L2	61	
19	80	L3	67	
19	80	L4	69	
19	80	L5	70	
19	90	L2	68	
19	90	L3	72	
19	90	L4	77	
19	90	L5	78	
19	100	L2	71	
19	100	L3	78	
19	100	L4	77	
19	100	L5	82	
20	10	L2	9	
20	10	L3	9	
20	10	L4	10	
20	10	L5	9	
20	20	L2	16	
20	20	L3	18	
20	20	L4	18	
20	20	L5	20	
20	30	L2	22	
20	30	L3	27	
20	30	L4	25	
20	30	L5	28	
20	40	L2	33	
20	40	L3	36	
20	40	L4	36	
20	40	L5	37	
20	50	L2	41	
20	50	L3	42	
20	50	L4	42	
20	50	L5	46	
20	60	L2	53	
20	60	L3	55	
20	60	L4	56	
20	60	L5	55	
20	70	L2	60	
20	70	L3	62	
20	70	L4	63	
20	70	L5	66	
20	80	L2	72	
20	80	L3	74	
20	80	L4	76	
20	80	L5	78	
20	90	L2	75	
20	90	L3	76	
20	90	L4	81	
20	90	L5	82	
20	100	L2	85	
20	100	L3	87	
20	100	L4	91	
20	100	L5	94	
21	10	L2	9	
21	10	L3	9	
21	10	L4	9	
21	10	L5	9	
21	20	L2	11	
21	20	L3	13	
21	20	L4	14	
21	20	L5	17	
21	30	L2	25	
21	30	L3	28	
21	30	L4	28	
21	30	L5	30	
21	40	L2	31	
21	40	L3	34	
21	40	L4	37	
21	40	L5	38	
21	50	L2	41	
21	50	L3	42	
21	50	L4	42	
21	50	L5	45	
21	60	L2	55	
21	60	L3	55	
21	60	L4	56	
21	60	L5	56	
21	70	L2	61	
21	70	L3	60	
21	70	L4	66	
21	70	L5	67	
21	80	L2	69	
21	80	L3	73	
21	80	L4	71	
21	80	L5	75	
21	90	L2	78	
21	90	L3	82	
21	90	L4	86	
21	90	L5	85	
21	100	L2	83	
21	100	L3	88	
21	100	L4	91	
21	100	L5	90	
22	10	L2	9	
22	10	L3	9	
22	10	L4	10	
22	10	L5	10	
22	20	L2	19	
22	20	L3	19	
22	20	L4	19	
22	20	L5	19	
22	30	L2	26	
22	30	L3	28	
22	30	L4	29	
22	30	L5	29	
22	40	L2	29	
22	40	L3	32	
22	40	L4	30	
22	40	L5	31	
22	50	L2	38	
22	50	L3	45	
22	50	L4	46	
22	50	L5	48	
22	60	L2	50	
22	60	L3	50	
22	60	L4	55	
22	60	L5	53	
22	70	L2	59	
22	70	L3	62	
22	70	L4	64	
22	70	L5	64	
22	80	L2	64	
22	80	L3	64	
22	80	L4	67	
22	80	L5	71	
22	90	L2	74	
22	90	L3	79	
22	90	L4	83	
22	90	L5	85	
22	100	L2	84	
22	100	L3	90	
22	100	L4	90	
22	100	L5	92	
23	10	L2	8	
23	10	L3	9	
23	10	L4	8	
23	10	L5	9	
23	20	L2	18	
23	20	L3	18	
23	20	L4	19	
23	20	L5	18	
23	30	L2	25	
23	30	L3	26	
23	30	L4	28	
23	30	L5	28	
23	40	L2	36	
23	40	L3	36	
23	40	L4	38	
23	40	L5	38	
23	50	L2	34	
23	50	L3	39	
23	50	L4	41	
23	50	L5	44	
23	60	L2	43	
23	60	L3	52	
23	60	L4	47	
23	60	L5	47	
23	70	L2	61	
23	70	L3	62	
23	70	L4	64	
23	70	L5	63	
23	80	L2	65	
23	80	L3	69	
23	80	L4	71	
23	80	L5	74	
23	90	L2	74	
23	90	L3	80	
23	90	L4	82	
23	90	L5	82	
23	100	L2	86	
23	100	L3	86	
23	100	L4	87	
23	100	L5	87	
24	10	L2	9	
24	10	L3	9	
24	10	L4	10	
24	10	L5	10	
24	20	L2	16	
24	20	L3	18	
24	20	L4	19	
24	20	L5	19	
24	30	L2	27	
24	30	L3	27	
24	30	L4	27	
24	30	L5	28	
24	40	L2	35	
24	40	L3	35	
24	40	L4	36	
24	40	L5	36	
24	50	L2	45	
24	50	L3	45	
24	50	L4	48	
24	50	L5	47	
24	60	L2	51	
24	60	L3	55	
24	60	L4	54	
24	60	L5	55	
24	70	L2	57	
24	70	L3	63	
24	70	L4	65	
24	70	L5	62	
24	80	L2	62	
24	80	L3	68	
24	80	L4	72	
24	80	L5	72	
24	90	L2	74	
24	90	L3	74	
24	90	L4	77	
24	90	L5	80	
24	100	L2	81	
24	100	L3	80	
24	100	L4	86	
24	100	L5	91	
25	10	L2	7	
25	10	L3	8	
25	10	L4	9	
25	10	L5	10	
25	20	L2	18	
25	20	L3	15	
25	20	L4	19	
25	20	L5	19	
25	30	L2	24	
25	30	L3	25	
25	30	L4	26	
25	30	L5	26	
25	40	L2	32	
25	40	L3	33	
25	40	L4	33	
25	40	L5	35	
25	50	L2	40	
25	50	L3	43	
25	50	L4	45	
25	50	L5	46	
25	60	L2	50	
25	60	L3	48	
25	60	L4	52	
25	60	L5	48	
25	70	L2	54	
25	70	L3	61	
25	70	L4	62	
25	70	L5	64	
25	80	L2	66	
25	80	L3	70	
25	80	L4	69	
25	80	L5	72	
25	90	L2	76	
25	90	L3	78	
25	90	L4	79	
25	90	L5	82	
25	100	L2	85	
25	100	L3	88	
25	100	L4	89	
25	100	L5	93	
26	10	L2	6	
26	10	L3	7	
26	10	L4	8	
26	10	L5	7	
26	20	L2	15	
26	20	L3	17	
26	20	L4	18	
26	20	L5	19	
26	30	L2	25	
26	30	L3	26	
26	30	L4	28	
26	30	L5	29	
26	40	L2	34	
26	40	L3	37	
26	40	L4	38	
26	40	L5	39	
26	50	L2	40	
26	50	L3	42	
26	50	L4	45	
26	50	L5	46	
26	60	L2	52	
26	60	L3	53	
26	60	L4	53	
26	60	L5	54	
26	70	L2	59	
26	70	L3	62	
26	70	L4	64	
26	70	L5	65	
26	80	L2	66	
26	80	L3	73	
26	80	L4	75	
26	80	L5	76	
26	90	L2	79	
26	90	L3	81	
26	90	L4	82	
26	90	L5	82	
26	100	L2	82	
26	100	L3	90	
26	100	L4	89	
26	100	L5	93	
27	10	L2	6	
27	10	L3	6	
27	10	L4	7	
27	10	L5	8	
27	20	L2	17	
27	20	L3	17	
27	20	L4	18	
27	20	L5	19	
27	30	L2	24	
27	30	L3	24	
27	30	L4	24	
27	30	L5	28	
27	40	L2	33	
27	40	L3	33	
27	40	L4	33	
27	40	L5	33	
27	50	L2	41	
27	50	L3	42	
27	50	L4	44	
27	50	L5	44	
27	60	L2	50	
27	60	L3	52	
27	60	L4	53	
27	60	L5	54	
27	70	L2	60	
27	70	L3	64	
27	70	L4	65	
27	70	L5	65	
27	80	L2	73	
27	80	L3	74	
27	80	L4	75	
27	80	L5	74	
27	90	L2	69	
27	90	L3	76	
27	90	L4	82	
27	90	L5	81	
27	100	L2	85	
27	100	L3	85	
27	100	L4	89	
27	100	L5	90	
28	10	L2	7	
28	10	L3	8	
28	10	L4	9	
28	10	L5	9	
28	20	L2	16	
28	20	L3	17	
28	20	L4	16	
28	20	L5	16	
28	30	L2	26	
28	30	L3	27	
28	30	L4	26	
28	30	L5	29	
28	40	L2	32	
28	40	L3	33	
28	40	L4	36	
28	40	L5	35	
28	50	L2	41	
28	50	L3	42	
28	50	L4	44	
28	50	L5	43	
28	60	L2	48	
28	60	L3	49	
28	60	L4	53	
28	60	L5	54	
28	70	L2	56	
28	70	L3	61	
28	70	L4	62	
28	70	L5	66	
28	80	L2	64	
28	80	L3	71	
28	80	L4	70	
28	80	L5	70	
28	90	L2	76	
28	90	L3	83	
28	90	L4	78	
28	90	L5	77	
28	100	L2	76	
28	100	L3	82	
28	100	L4	88	
28	100	L5	87	
29	10	L2	9	
29	10	L3	8	
29	10	L4	9	
29	10	L5	10	
29	20	L2	17	
29	20	L3	17	
29	20	L4	18	
29	20	L5	19	
29	30	L2	21	
29	30	L3	25	
29	30	L4	26	
29	30	L5	26	
29	40	L2	34	
29	40	L3	37	
29	40	L4	37	
29	40	L5	36	
29	50	L2	41	
29	50	L3	44	
29	50	L4	46	
29	50	L5	46	
29	60	L2	47	
29	60	L3	50	
29	60	L4	53	
29	60	L5	50	
29	70	L2	57	
29	70	L3	59	
29	70	L4	61	
29	70	L5	62	
29	80	L2	66	
29	80	L3	69	
29	80	L4	73	
29	80	L5	74	
29	90	L2	75	
29	90	L3	79	
29	90	L4	82	
29	90	L5	84	
29	100	L2	81	
29	100	L3	86	
29	100	L4	91	
29	100	L5	91	
30	10	L2	8	
30	10	L3	8	
30	10	L4	8	
30	10	L5	8	
30	20	L2	18	
30	20	L3	18	
30	20	L4	18	
30	20	L5	18	
30	30	L2	24	
30	30	L3	27	
30	30	L4	27	
30	30	L5	27	
30	40	L2	31	
30	40	L3	32	
30	40	L4	31	
30	40	L5	31	
30	50	L2	41	
30	50	L3	41	
30	50	L4	45	
30	50	L5	44	
30	60	L2	51	
30	60	L3	53	
30	60	L4	54	
30	60	L5	53	
30	70	L2	57	
30	70	L3	60	
30	70	L4	62	
30	70	L5	62	
30	80	L2	61	
30	80	L3	67	
30	80	L4	68	
30	80	L5	68	
30	90	L2	67	
30	90	L3	70	
30	90	L4	72	
30	90	L5	73	
30	100	L2	88	
30	100	L3	89	
30	100	L4	91	
30	100	L5	92	
31	10	L2	10	
31	10	L3	10	
31	10	L4	10	
31	10	L5	10	
31	20	L2	15	
31	20	L3	17	
31	20	L4	16	
31	20	L5	16	
31	30	L2	27	
31	30	L3	27	
31	30	L4	29	
31	30	L5	28	
31	40	L2	33	
31	40	L3	36	
31	40	L4	38	
31	40	L5	39	
31	50	L2	41	
31	50	L3	41	
31	50	L4	42	
31	50	L5	42	
31	60	L2	53	
31	60	L3	57	
31	60	L4	58	
31	60	L5	60	
31	70	L2	62	
31	70	L3	64	
31	70	L4	64	
31	70	L5	64	
31	80	L2	62	
31	80	L3	65	
31	80	L4	69	
31	80	L5	74	
31	90	L2	74	
31	90	L3	79	
31	90	L4	82	
31	90	L5	82	
31	100	L2	81	
31	100	L3	84	
31	100	L4	86	
31	100	L5	88	
32	10	L2	8	
32	10	L3	8	
32	10	L4	8	
32	10	L5	9	
32	20	L2	16	
32	20	L3	18	
32	20	L4	18	
32	20	L5	18	
32	30	L2	25	
32	30	L3	24	
32	30	L4	25	
32	30	L5	26	
32	40	L2	33	
32	40	L3	37	
32	40	L4	37	
32	40	L5	37	
32	50	L2	36	
32	50	L3	43	
32	50	L4	39	
32	50	L5	45	
32	60	L2	48	
32	60	L3	52	
32	60	L4	53	
32	60	L5	53	
32	70	L2	60	
32	70	L3	61	
32	70	L4	63	
32	70	L5	62	
32	80	L2	62	
32	80	L3	61	
32	80	L4	65	
32	80	L5	66	
32	90	L2	77	
32	90	L3	80	
32	90	L4	81	
32	90	L5	82	
32	100	L2	90	
32	100	L3	88	
32	100	L4	94	
32	100	L5	91	
33	10	L2	10	
33	10	L3	10	
33	10	L4	10	
33	10	L5	10	
33	20	L2	14	
33	20	L3	15	
33	20	L4	17	
33	20	L5	17	
33	30	L2	26	
33	30	L3	26	
33	30	L4	26	
33	30	L5	27	
33	40	L2	33	
33	40	L3	36	
33	40	L4	35	
33	40	L5	36	
33	50	L2	40	
33	50	L3	45	
33	50	L4	41	
33	50	L5	46	
33	60	L2	51	
33	60	L3	53	
33	60	L4	52	
33	60	L5	53	
33	70	L2	63	
33	70	L3	68	
33	70	L4	66	
33	70	L5	68	
33	80	L2	62	
33	80	L3	68	
33	80	L4	70	
33	80	L5	72	
33	90	L2	70	
33	90	L3	71	
33	90	L4	74	
33	90	L5	76	
33	100	L2	81	
33	100	L3	86	
33	100	L4	90	
33	100	L5	88	
34	10	L2	6	
34	10	L3	9	
34	10	L4	8	
34	10	L5	10	
34	20	L2	17	
34	20	L3	18	
34	20	L4	20	
34	20	L5	20	
34	30	L2	27	
34	30	L3	29	
34	30	L4	28	
34	30	L5	28	
34	40	L2	31	
34	40	L3	31	
34	40	L4	31	
34	40	L5	35	
34	50	L2	41	
34	50	L3	42	
34	50	L4	45	
34	50	L5	46	
34	60	L2	49	
34	60	L3	52	
34	60	L4	52	
34	60	L5	57	
34	70	L2	57	
34	70	L3	61	
34	70	L4	64	
34	70	L5	66	
34	80	L2	70	
34	80	L3	73	
34	80	L4	75	
34	80	L5	78	
34	90	L2	73	
34	90	L3	81	
34	90	L4	81	
34	90	L5	85	
34	100	L2	75	
34	100	L3	82	
34	100	L4	85	
34	100	L5	84	
35	10	L2	7	
35	10	L3	7	
35	10	L4	7	
35	10	L5	7	
35	20	L2	19	
35	20	L3	17	
35	20	L4	20	
35	20	L5	20	
35	30	L2	26	
35	30	L3	26	
35	30	L4	26	
35	30	L5	27	
35	40	L2	32	
35	40	L3	32	
35	40	L4	32	
35	40	L5	37	
35	50	L2	45	
35	50	L3	46	
35	50	L4	47	
35	50	L5	47	
35	60	L2	50	
35	60	L3	50	
35	60	L4	55	
35	60	L5	53	
35	70	L2	60	
35	70	L3	62	
35	70	L4	63	
35	70	L5	67	
35	80	L2	70	
35	80	L3	75	
35	80	L4	75	
35	80	L5	76	
35	90	L2	73	
35	90	L3	76	
35	90	L4	82	
35	90	L5	83	
35	100	L2	82	
35	100	L3	87	
35	100	L4	88	
35	100	L5	93	
36	10	L2	9	
36	10	L3	9	
36	10	L4	9	
36	10	L5	9	
36	20	L2	15	
36	20	L3	15	
36	20	L4	15	
36	20	L5	16	
36	30	L2	25	
36	30	L3	28	
36	30	L4	27	
36	30	L5	26	
36	40	L2	34	
36	40	L3	36	
36	40	L4	37	
36	40	L5	38	
36	50	L2	43	
36	50	L3	45	
36	50	L4	44	
36	50	L5	45	
36	60	L2	48	
36	60	L3	51	
36	60	L4	52	
36	60	L5	55	
36	70	L2	52	
36	70	L3	54	
36	70	L4	60	
36	70	L5	59	
36	80	L2	72	
36	80	L3	72	
36	80	L4	74	
36	80	L5	77	
36	90	L2	73	
36	90	L3	79	
36	90	L4	79	
36	90	L5	82	
36	100	L2	76	
36	100	L3	81	
36	100	L4	82	
36	100	L5	85	
37	10	L2	9	
37	10	L3	9	
37	10	L4	9	
37	10	L5	9	
37	20	L2	19	
37	20	L3	18	
37	20	L4	19	
37	20	L5	19	
37	30	L2	26	
37	30	L3	26	
37	30	L4	26	
37	30	L5	27	
37	40	L2	32	
37	40	L3	36	
37	40	L4	36	
37	40	L5	36	
37	50	L2	41	
37	50	L3	44	
37	50	L4	45	
37	50	L5	45	
37	60	L2	53	
37	60	L3	55	
37	60	L4	54	
37	60	L5	54	
37	70	L2	58	
37	70	L3	57	
37	70	L4	62	
37	70	L5	60	
37	80	L2	67	
37	80	L3	70	
37	80	L4	70	
37	80	L5	70	
37	90	L2	66	
37	90	L3	67	
37	90	L4	71	
37	90	L5	74	
37	100	L2	80	
37	100	L3	85	
37	100	L4	87	
37	100	L5	90	
38	10	L2	10	
38	10	L3	10	
38	10	L4	10	
38	10	L5	10	
38	20	L2	18	
38	20	L3	20	
38	20	L4	19	
38	20	L5	20	
38	30	L2	22	
38	30	L3	23	
38	30	L4	23	
38	30	L5	25	
38	40	L2	30	
38	40	L3	32	
38	40	L4	34	
38	40	L5	35	
38	50	L2	44	
38	50	L3	45	
38	50	L4	49	
38	50	L5	46	
38	60	L2	52	
38	60	L3	55	
38	60	L4	58	
38	60	L5	59	
38	70	L2	62	
38	70	L3	64	
38	70	L4	64	
38	70	L5	69	
38	80	L2	73	
38	80	L3	77	
38	80	L4	78	
38	80	L5	79	
38	90	L2	76	
38	90	L3	81	
38	90	L4	83	
38	90	L5	82	
38	100	L2	85	
38	100	L3	89	
38	100	L4	92	
38	100	L5	94	
39	10	L2	10	
39	10	L3	10	
39	10	L4	10	
39	10	L5	10	
39	20	L2	14	
39	20	L3	14	
39	20	L4	14	
39	20	L5	15	
39	30	L2	25	
39	30	L3	25	
39	30	L4	25	
39	30	L5	27	
39	40	L2	31	
39	40	L3	29	
39	40	L4	32	
39	40	L5	31	
39	50	L2	39	
39	50	L3	40	
39	50	L4	40	
39	50	L5	43	
39	60	L2	47	
39	60	L3	45	
39	60	L4	49	
39	60	L5	54	
39	70	L2	56	
39	70	L3	62	
39	70	L4	61	
39	70	L5	60	
39	80	L2	63	
39	80	L3	69	
39	80	L4	65	
39	80	L5	72	
39	90	L2	75	
39	90	L3	79	
39	90	L4	78	
39	90	L5	83	
39	100	L2	72	
39	100	L3	76	
39	100	L4	75	
39	100	L5	89	
40	10	L2	6	
40	10	L3	6	
40	10	L4	8	
40	10	L5	9	
40	20	L2	15	
40	20	L3	15	
40	20	L4	17	
40	20	L5	17	
40	30	L2	27	
40	30	L3	28	
40	30	L4	28	
40	30	L5	28	
40	40	L2	35	
40	40	L3	36	
40	40	L4	37	
40	40	L5	37	
40	50	L2	44	
40	50	L3	44	
40	50	L4	48	
40	50	L5	47	
40	60	L2	45	
40	60	L3	47	
40	60	L4	50	
40	60	L5	52	
40	70	L2	60	
40	70	L3	62	
40	70	L4	66	
40	70	L5	66	
40	80	L2	66	
40	80	L3	68	
40	80	L4	69	
40	80	L5	71	
40	90	L2	82	
40	90	L3	82	
40	90	L4	83	
40	90	L5	85	
40	100	L2	81	
40	100	L3	83	
40	100	L4	85	
40	100	L5	87	
41	10	L2	10	
41	10	L3	10	
41	10	L4	10	
41	10	L5	10	
41	20	L2	13	
41	20	L3	15	
41	20	L4	15	
41	20	L5	16	
41	30	L2	27	
41	30	L3	29	
41	30	L4	29	
41	30	L5	29	
41	40	L2	35	
41	40	L3	36	
41	40	L4	37	
41	40	L5	40	
41	50	L2	43	
41	50	L3	45	
41	50	L4	49	
41	50	L5	47	
41	60	L2	50	
41	60	L3	54	
41	60	L4	54	
41	60	L5	54	
41	70	L2	65	
41	70	L3	67	
41	70	L4	68	
41	70	L5	67	
41	80	L2	67	
41	80	L3	68	
41	80	L4	68	
41	80	L5	73	
41	90	L2	73	
41	90	L3	75	
41	90	L4	79	
41	90	L5	80	
41	100	L2	78	
41	100	L3	85	
41	100	L4	89	
41	100	L5	90	
42	10	L2	8	
42	10	L3	9	
42	10	L4	9	
42	10	L5	10	
42	20	L2	13	
42	20	L3	14	
42	20	L4	15	
42	20	L5	16	
42	30	L2	24	
42	30	L3	25	
42	30	L4	27	
42	30	L5	27	
42	40	L2	32	
42	40	L3	37	
42	40	L4	35	
42	40	L5	35	
42	50	L2	42	
42	50	L3	46	
42	50	L4	46	
42	50	L5	48	
42	60	L2	45	
42	60	L3	50	
42	60	L4	49	
42	60	L5	51	
42	70	L2	58	
42	70	L3	59	
42	70	L4	61	
42	70	L5	63	
42	80	L2	66	
42	80	L3	69	
42	80	L4	70	
42	80	L5	71	
42	90	L2	77	
42	90	L3	77	
42	90	L4	81	
42	90	L5	83	
42	100	L2	81	
42	100	L3	88	
42	100	L4	87	
42	100	L5	90	
43	10	L2	7	
43	10	L3	8	
43	10	L4	9	
43	10	L5	10	
43	20	L2	15	
43	20	L3	15	
43	20	L4	18	
43	20	L5	18	
43	30	L2	25	
43	30	L3	26	
43	30	L4	26	
43	30	L5	27	
43	40	L2	36	
43	40	L3	37	
43	40	L4	37	
43	40	L5	39	
43	50	L2	40	
43	50	L3	43	
43	50	L4	45	
43	50	L5	42	
43	60	L2	48	
43	60	L3	53	
43	60	L4	55	
43	60	L5	55	
43	70	L2	53	
43	70	L3	58	
43	70	L4	56	
43	70	L5	61	
43	80	L2	70	
43	80	L3	71	
43	80	L4	73	
43	80	L5	74	
43	90	L2	74	
43	90	L3	77	
43	90	L4	79	
43	90	L5	79	
43	100	L2	78	
43	100	L3	83	
43	100	L4	91	
43	100	L5	91	
44	10	L2	9	
44	10	L3	9	
44	10	L4	9	
44	10	L5	9	
44	20	L2	19	
44	20	L3	19	
44	20	L4	20	
44	20	L5	20	
44	30	L2	26	
44	30	L3	26	
44	30	L4	26	
44	30	L5	26	
44	40	L2	35	
44	40	L3	35	
44	40	L4	37	
44	40	L5	37	
44	50	L2	41	
44	50	L3	42	
44	50	L4	44	
44	50	L5	46	
44	60	L2	46	
44	60	L3	51	
44	60	L4	51	
44	60	L5	53	
44	70	L2	55	
44	70	L3	57	
44	70	L4	61	
44	70	L5	61	
44	80	L2	64	
44	80	L3	64	
44	80	L4	69	
44	80	L5	73	
44	90	L2	78	
44	90	L3	81	
44	90	L4	82	
44	90	L5	83	
44	100	L2	85	
44	100	L3	92	
44	100	L4	93	
44	100	L5	95	
45	10	L2	6	
45	10	L3	6	
45	10	L4	6	
45	10	L5	6	
45	20	L2	19	
45	20	L3	19	
45	20	L4	20	
45	20	L5	20	
45	30	L2	24	
45	30	L3	26	
45	30	L4	27	
45	30	L5	27	
45	40	L2	36	
45	40	L3	38	
45	40	L4	38	
45	40	L5	38	
45	50	L2	44	
45	50	L3	46	
45	50	L4	48	
45	50	L5	49	
45	60	L2	52	
45	60	L3	56	
45	60	L4	56	
45	60	L5	57	
45	70	L2	57	
45	70	L3	64	
45	70	L4	66	
45	70	L5	67	
45	80	L2	66	
45	80	L3	67	
45	80	L4	71	
45	80	L5	72	
45	90	L2	71	
45	90	L3	78	
45	90	L4	81	
45	90	L5	83	
45	100	L2	80	
45	100	L3	87	
45	100	L4	87	
45	100	L5	88	
46	10	L2	7	
46	10	L3	8	
46	10	L4	10	
46	10	L5	10	
46	20	L2	19	
46	20	L3	19	
46	20	L4	20	
46	20	L5	19	
46	30	L2	24	
46	30	L3	24	
46	30	L4	28	
46	30	L5	27	
46	40	L2	35	
46	40	L3	37	
46	40	L4	36	
46	40	L5	38	
46	50	L2	44	
46	50	L3	43	
46	50	L4	45	
46	50	L5	44	
46	60	L2	53	
46	60	L3	57	
46	60	L4	58	
46	60	L5	57	
46	70	L2	59	
46	70	L3	64	
46	70	L4	65	
46	70	L5	65	
46	80	L2	64	
46	80	L3	66	
46	80	L4	70	
46	80	L5	73	
46	90	L2	74	
46	90	L3	79	
46	90	L4	81	
46	90	L5	84	
46	100	L2	85	
46	100	L3	89	
46	100	L4	91	
46	100	L5	93	
47	10	L2	8	
47	10	L3	8	
47	10	L4	8	
47	10	L5	8	
47	20	L2	18	
47	20	L3	18	
47	20	L4	20	
47	20	L5	19	
47	30	L2	20	
47	30	L3	24	
47	30	L4	25	
47	30	L5	26	
47	40	L2	35	
47	40	L3	37	
47	40	L4	38	
47	40	L5	39	
47	50	L2	39	
47	50	L3	44	
47	50	L4	43	
47	50	L5	43	
47	60	L2	46	
47	60	L3	49	
47	60	L4	50	
47	60	L5	51	
47	70	L2	55	
47	70	L3	57	
47	70	L4	60	
47	70	L5	61	
47	80	L2	63	
47	80	L3	68	
47	80	L4	71	
47	80	L5	73	
47	90	L2	74	
47	90	L3	79	
47	90	L4	81	
47	90	L5	82	
47	100	L2	86	
47	100	L3	86	
47	100	L4	89	
47	100	L5	92	
48	10	L2	7	
48	10	L3	8	
48	10	L4	9	
48	10	L5	9	
48	20	L2	18	
48	20	L3	19	
48	20	L4	19	
48	20	L5	19	
48	30	L2	25	
48	30	L3	25	
48	30	L4	26	
48	30	L5	26	
48	40	L2	31	
48	40	L3	35	
48	40	L4	36	
48	40	L5	34	
48	50	L2	43	
48	50	L3	45	
48	50	L4	46	
48	50	L5	49	
48	60	L2	52	
48	60	L3	53	
48	60	L4	52	
48	60	L5	55	
48	70	L2	60	
48	70	L3	63	
48	70	L4	66	
48	70	L5	64	
48	80	L2	66	
48	80	L3	69	
48	80	L4	69	
48	80	L5	71	
48	90	L2	73	
48	90	L3	77	
48	90	L4	81	
48	90	L5	81	
48	100	L2	82	
48	100	L3	86	
48	100	L4	87	
48	100	L5	90	
49	10	L2	9	
49	10	L3	9	
49	10	L4	10	
49	10	L5	10	
49	20	L2	18	
49	20	L3	17	
49	20	L4	19	
49	20	L5	20	
49	30	L2	27	
49	30	L3	26	
49	30	L4	29	
49	30	L5	30	
49	40	L2	38	
49	40	L3	38	
49	40	L4	39	
49	40	L5	39	
49	50	L2	42	
49	50	L3	46	
49	50	L4	44	
49	50	L5	48	
49	60	L2	52	
49	60	L3	55	
49	60	L4	57	
49	60	L5	57	
49	70	L2	59	
49	70	L3	61	
49	70	L4	65	
49	70	L5	66	
49	80	L2	67	
49	80	L3	73	
49	80	L4	74	
49	80	L5	76	
49	90	L2	76	
49	90	L3	81	
49	90	L4	76	
49	90	L5	81	
49	100	L2	93	
49	100	L3	92	
49	100	L4	94	
49	100	L5	98	
50	10	L2	8	
50	10	L3	8	
50	10	L4	8	
50	10	L5	8	
50	20	L2	12	
50	20	L3	13	
50	20	L4	15	
50	20	L5	13	
50	30	L2	26	
50	30	L3	26	
50	30	L4	26	
50	30	L5	27	
50	40	L2	34	
50	40	L3	35	
50	40	L4	34	
50	40	L5	35	
50	50	L2	38	
50	50	L3	41	
50	50	L4	43	
50	50	L5	41	
50	60	L2	47	
50	60	L3	50	
50	60	L4	55	
50	60	L5	50	
50	70	L2	55	
50	70	L3	56	
50	70	L4	60	
50	70	L5	57	
50	80	L2	57	
50	80	L3	58	
50	80	L4	63	
50	80	L5	60	
50	90	L2	67	
50	90	L3	74	
50	90	L4	76	
50	90	L5	78	
50	100	L2	79	
50	100	L3	83	
50	100	L4	82	
50	100	L5	86	
51	10	L2	8	
51	10	L3	8	
51	10	L4	8	
51	10	L5	8	
51	20	L2	19	
51	20	L3	20	
51	20	L4	20	
51	20	L5	20	
51	30	L2	23	
51	30	L3	27	
51	30	L4	27	
51	30	L5	26	
51	40	L2	34	
51	40	L3	37	
51	40	L4	39	
51	40	L5	40	
51	50	L2	46	
51	50	L3	47	
51	50	L4	47	
51	50	L5	48	
51	60	L2	45	
51	60	L3	50	
51	60	L4	55	
51	60	L5	56	
51	70	L2	63	
51	70	L3	64	
51	70	L4	65	
51	70	L5	64	
51	80	L2	68	
51	80	L3	70	
51	80	L4	72	
51	80	L5	72	
51	90	L2	74	
51	90	L3	76	
51	90	L4	78	
51	90	L5	82	
51	100	L2	86	
51	100	L3	91	
51	100	L4	89	
51	100	L5	90	
52	10	L2	10	
52	10	L3	10	
52	10	L4	10	
52	10	L5	10	
52	20	L2	16	
52	20	L3	18	
52	20	L4	18	
52	20	L5	19	
52	30	L2	22	
52	30	L3	26	
52	30	L4	25	
52	30	L5	27	
52	40	L2	34	
52	40	L3	37	
52	40	L4	36	
52	40	L5	36	
52	50	L2	43	
52	50	L3	42	
52	50	L4	43	
52	50	L5	45	
52	60	L2	47	
52	60	L3	49	
52	60	L4	49	
52	60	L5	52	
52	70	L2	58	
52	70	L3	59	
52	70	L4	64	
52	70	L5	65	
52	80	L2	62	
52	80	L3	69	
52	80	L4	72	
52	80	L5	74	
52	90	L2	69	
52	90	L3	70	
52	90	L4	72	
52	90	L5	75	
52	100	L2	86	
52	100	L3	85	
52	100	L4	88	
52	100	L5	89	
53	10	L2	10	
53	10	L3	10	
53	10	L4	10	
53	10	L5	10	
53	20	L2	18	
53	20	L3	18	
53	20	L4	19	
53	20	L5	19	
53	30	L2	28	
53	30	L3	28	
53	30	L4	29	
53	30	L5	28	
53	40	L2	31	
53	40	L3	34	
53	40	L4	36	
53	40	L5	35	
53	50	L2	45	
53	50	L3	47	
53	50	L4	48	
53	50	L5	48	
53	60	L2	45	
53	60	L3	45	
53	60	L4	49	
53	60	L5	49	
53	70	L2	56	
53	70	L3	59	
53	70	L4	60	
53	70	L5	61	
53	80	L2	63	
53	80	L3	65	
53	80	L4	69	
53	80	L5	70	
53	90	L2	71	
53	90	L3	75	
53	90	L4	76	
53	90	L5	79	
53	100	L2	87	
53	100	L3	87	
53	100	L4	90	
53	100	L5	91	
54	10	L2	6	
54	10	L3	5	
54	10	L4	7	
54	10	L5	8	
54	20	L2	13	
54	20	L3	14	
54	20	L4	14	
54	20	L5	15	
54	30	L2	25	
54	30	L3	25	
54	30	L4	27	
54	30	L5	27	
54	40	L2	33	
54	40	L3	34	
54	40	L4	34	
54	40	L5	34	
54	50	L2	46	
54	50	L3	45	
54	50	L4	47	
54	50	L5	45	
54	60	L2	51	
54	60	L3	50	
54	60	L4	53	
54	60	L5	57	
54	70	L2	59	
54	70	L3	54	
54	70	L4	60	
54	70	L5	57	
54	80	L2	69	
54	80	L3	67	
54	80	L4	73	
54	80	L5	70	
54	90	L2	75	
54	90	L3	76	
54	90	L4	78	
54	90	L5	77	
54	100	L2	90	
54	100	L3	86	
54	100	L4	92	
54	100	L5	89	
55	10	L2	10	
55	10	L3	10	
55	10	L4	10	
55	10	L5	10	
55	20	L2	19	
55	20	L3	20	
55	20	L4	20	
55	20	L5	20	
55	30	L2	18	
55	30	L3	23	
55	30	L4	19	
55	30	L5	27	
55	40	L2	33	
55	40	L3	34	
55	40	L4	36	
55	40	L5	37	
55	50	L2	40	
55	50	L3	43	
55	50	L4	43	
55	50	L5	48	
55	60	L2	48	
55	60	L3	51	
55	60	L4	52	
55	60	L5	56	
55	70	L2	60	
55	70	L3	59	
55	70	L4	63	
55	70	L5	63	
55	80	L2	71	
55	80	L3	73	
55	80	L4	74	
55	80	L5	76	
55	90	L2	71	
55	90	L3	74	
55	90	L4	74	
55	90	L5	76	
55	100	L2	77	
55	100	L3	87	
55	100	L4	89	
55	100	L5	93	
56	10	L2	8	
56	10	L3	8	
56	10	L4	10	
56	10	L5	9	
56	20	L2	19	
56	20	L3	20	
56	20	L4	20	
56	20	L5	20	
56	30	L2	26	
56	30	L3	27	
56	30	L4	28	
56	30	L5	28	
56	40	L2	32	
56	40	L3	33	
56	40	L4	35	
56	40	L5	35	
56	50	L2	40	
56	50	L3	43	
56	50	L4	48	
56	50	L5	49	
56	60	L2	53	
56	60	L3	54	
56	60	L4	56	
56	60	L5	57	
56	70	L2	57	
56	70	L3	61	
56	70	L4	62	
56	70	L5	63	
56	80	L2	65	
56	80	L3	74	
56	80	L4	74	
56	80	L5	76	
56	90	L2	81	
56	90	L3	81	
56	90	L4	83	
56	90	L5	85	
56	100	L2	89	
56	100	L3	90	
56	100	L4	93	
56	100	L5	96	
57	10	L2	9	
57	10	L3	10	
57	10	L4	10	
57	10	L5	10	
57	20	L2	16	
57	20	L3	18	
57	20	L4	17	
57	20	L5	19	
57	30	L2	23	
57	30	L3	26	
57	30	L4	28	
57	30	L5	27	
57	40	L2	33	
57	40	L3	34	
57	40	L4	36	
57	40	L5	37	
57	50	L2	38	
57	50	L3	40	
57	50	L4	41	
57	50	L5	40	
57	60	L2	53	
57	60	L3	56	
57	60	L4	56	
57	60	L5	57	
57	70	L2	60	
57	70	L3	63	
57	70	L4	65	
57	70	L5	69	
57	80	L2	68	
57	80	L3	70	
57	80	L4	75	
57	80	L5	75	
57	90	L2	74	
57	90	L3	78	
57	90	L4	79	
57	90	L5	77	
57	100	L2	71	
57	100	L3	83	
57	100	L4	84	
57	100	L5	85	
58	10	L2	7	
58	10	L3	7	
58	10	L4	9	
58	10	L5	9	
58	20	L2	17	
58	20	L3	17	
58	20	L4	19	
58	20	L5	19	
58	30	L2	25	
58	30	L3	26	
58	30	L4	27	
58	30	L5	28	
58	40	L2	34	
58	40	L3	34	
58	40	L4	36	
58	40	L5	36	
58	50	L2	41	
58	50	L3	40	
58	50	L4	45	
58	50	L5	46	
58	60	L2	51	
58	60	L3	52	
58	60	L4	53	
58	60	L5	55	
58	70	L2	53	
58	70	L3	59	
58	70	L4	60	
58	70	L5	62	
58	80	L2	61	
58	80	L3	67	
58	80	L4	70	
58	80	L5	68	
58	90	L2	74	
58	90	L3	76	
58	90	L4	82	
58	90	L5	81	
58	100	L2	87	
58	100	L3	88	
58	100	L4	90	
58	100	L5	90	
59	10	L2	7	
59	10	L3	7	
59	10	L4	7	
59	10	L5	7	
59	20	L2	18	
59	20	L3	18	
59	20	L4	18	
59	20	L5	18	
59	30	L2	25	
59	30	L3	27	
59	30	L4	28	
59	30	L5	27	
59	40	L2	35	
59	40	L3	38	
59	40	L4	38	
59	40	L5	38	
59	50	L2	42	
59	50	L3	42	
59	50	L4	42	
59	50	L5	43	
59	60	L2	47	
59	60	L3	49	
59	60	L4	50	
59	60	L5	51	
59	70	L2	63	
59	70	L3	65	
59	70	L4	65	
59	70	L5	66	
59	80	L2	66	
59	80	L3	70	
59	80	L4	70	
59	80	L5	71	
59	90	L2	76	
59	90	L3	76	
59	90	L4	80	
59	90	L5	80	
59	100	L2	86	
59	100	L3	91	
59	100	L4	90	
59	100	L5	92	
60	10	L2	8	
60	10	L3	8	
60	10	L4	9	
60	10	L5	9	
60	20	L2	18	
60	20	L3	18	
60	20	L4	19	
60	20	L5	18	
60	30	L2	22	
60	30	L3	24	
60	30	L4	26	
60	30	L5	25	
60	40	L2	30	
60	40	L3	32	
60	40	L4	32	
60	40	L5	34	
60	50	L2	39	
60	50	L3	41	
60	50	L4	46	
60	50	L5	44	
60	60	L2	46	
60	60	L3	55	
60	60	L4	55	
60	60	L5	57	
60	70	L2	54	
60	70	L3	61	
60	70	L4	61	
60	70	L5	64	
60	80	L2	69	
60	80	L3	74	
60	80	L4	74	
60	80	L5	75	
60	90	L2	73	
60	90	L3	76	
60	90	L4	80	
60	90	L5	81	
60	100	L2	81	
60	100	L3	87	
60	100	L4	93	
60	100	L5	95	
61	10	L2	8	
61	10	L3	9	
61	10	L4	9	
61	10	L5	9	
61	20	L2	19	
61	20	L3	19	
61	20	L4	19	
61	20	L5	19	
61	30	L2	24	
61	30	L3	26	
61	30	L4	27	
61	30	L5	28	
61	40	L2	34	
61	40	L3	34	
61	40	L4	35	
61	40	L5	39	
61	50	L2	41	
61	50	L3	45	
61	50	L4	45	
61	50	L5	47	
61	60	L2	43	
61	60	L3	51	
61	60	L4	50	
61	60	L5	53	
61	70	L2	61	
61	70	L3	63	
61	70	L4	65	
61	70	L5	65	
61	80	L2	68	
61	80	L3	67	
61	80	L4	70	
61	80	L5	69	
61	90	L2	70	
61	90	L3	73	
61	90	L4	74	
61	90	L5	77	
61	100	L2	90	
61	100	L3	91	
61	100	L4	94	
61	100	L5	93	
62	10	L2	9	
62	10	L3	8	
62	10	L4	9	
62	10	L5	9	
62	20	L2	18	
62	20	L3	20	
62	20	L4	20	
62	20	L5	20	
62	30	L2	24	
62	30	L3	24	
62	30	L4	26	
62	30	L5	28	
62	40	L2	33	
62	40	L3	34	
62	40	L4	34	
62	40	L5	38	
62	50	L2	43	
62	50	L3	43	
62	50	L4	45	
62	50	L5	46	
62	60	L2	49	
62	60	L3	54	
62	60	L4	56	
62	60	L5	55	
62	70	L2	58	
62	70	L3	63	
62	70	L4	63	
62	70	L5	65	
62	80	L2	65	
62	80	L3	65	
62	80	L4	67	
62	80	L5	67	
62	90	L2	73	
62	90	L3	79	
62	90	L4	79	
62	90	L5	86	
62	100	L2	74	
62	100	L3	78	
62	100	L4	84	
62	100	L5	83	
63	10	L2	8	
63	10	L3	9	
63	10	L4	8	
63	10	L5	8	
63	20	L2	18	
63	20	L3	18	
63	20	L4	19	
63	20	L5	19	
63	30	L2	26	
63	30	L3	26	
63	30	L4	27	
63	30	L5	26	
63	40	L2	35	
63	40	L3	37	
63	40	L4	35	
63	40	L5	37	
63	50	L2	40	
63	50	L3	41	
63	50	L4	45	
63	50	L5	45	
63	60	L2	49	
63	60	L3	52	
63	60	L4	54	
63	60	L5	55	
63	70	L2	61	
63	70	L3	62	
63	70	L4	64	
63	70	L5	65	
63	80	L2	71	
63	80	L3	72	
63	80	L4	74	
63	80	L5	74	
63	90	L2	79	
63	90	L3	82	
63	90	L4	82	
63	90	L5	82	
63	100	L2	83	
63	100	L3	84	
63	100	L4	85	
63	100	L5	86	
64	10	L2	9	
64	10	L3	9	
64	10	L4	9	
64	10	L5	10	
64	20	L2	18	
64	20	L3	19	
64	20	L4	19	
64	20	L5	18	
64	30	L2	26	
64	30	L3	28	
64	30	L4	29	
64	30	L5	30	
64	40	L2	30	
64	40	L3	32	
64	40	L4	33	
64	40	L5	37	
64	50	L2	44	
64	50	L3	46	
64	50	L4	47	
64	50	L5	48	
64	60	L2	53	
64	60	L3	53	
64	60	L4	55	
64	60	L5	57	
64	70	L2	61	
64	70	L3	60	
64	70	L4	64	
64	70	L5	63	
64	80	L2	65	
64	80	L3	71	
64	80	L4	73	
64	80	L5	75	
64	90	L2	77	
64	90	L3	80	
64	90	L4	82	
64	90	L5	85	
64	100	L2	86	
64	100	L3	90	
64	100	L4	92	
64	100	L5	95	
65	10	L2	8	
65	10	L3	8	
65	10	L4	8	
65	10	L5	9	
65	20	L2	17	
65	20	L3	19	
65	20	L4	19	
65	20	L5	18	
65	30	L2	23	
65	30	L3	23	
65	30	L4	25	
65	30	L5	24	
65	40	L2	33	
65	40	L3	33	
65	40	L4	34	
65	40	L5	35	
65	50	L2	42	
65	50	L3	42	
65	50	L4	44	
65	50	L5	46	
65	60	L2	49	
65	60	L3	52	
65	60	L4	53	
65	60	L5	52	
65	70	L2	55	
65	70	L3	62	
65	70	L4	61	
65	70	L5	65	
65	80	L2	60	
65	80	L3	71	
65	80	L4	65	
65	80	L5	71	
65	90	L2	78	
65	90	L3	76	
65	90	L4	81	
65	90	L5	81	
65	100	L2	77	
65	100	L3	81	
65	100	L4	81	
65	100	L5	82	
66	10	L2	8	
66	10	L3	8	
66	10	L4	8	
66	10	L5	9	
66	20	L2	16	
66	20	L3	16	
66	20	L4	16	
66	20	L5	16	
66	30	L2	22	
66	30	L3	23	
66	30	L4	25	
66	30	L5	29	
66	40	L2	33	
66	40	L3	36	
66	40	L4	35	
66	40	L5	37	
66	50	L2	38	
66	50	L3	41	
66	50	L4	44	
66	50	L5	45	
66	60	L2	50	
66	60	L3	51	
66	60	L4	53	
66	60	L5	58	
66	70	L2	61	
66	70	L3	64	
66	70	L4	65	
66	70	L5	65	
66	80	L2	58	
66	80	L3	58	
66	80	L4	68	
66	80	L5	68	
66	90	L2	78	
66	90	L3	78	
66	90	L4	85	
66	90	L5	83	
66	100	L2	79	
66	100	L3	81	
66	100	L4	84	
66	100	L5	85	
67	10	L2	9	
67	10	L3	9	
67	10	L4	9	
67	10	L5	10	
67	20	L2	16	
67	20	L3	18	
67	20	L4	19	
67	20	L5	19	
67	30	L2	23	
67	30	L3	24	
67	30	L4	24	
67	30	L5	25	
67	40	L2	31	
67	40	L3	30	
67	40	L4	36	
67	40	L5	35	
67	50	L2	35	
67	50	L3	42	
67	50	L4	41	
67	50	L5	42	
67	60	L2	52	
67	60	L3	54	
67	60	L4	55	
67	60	L5	53	
67	70	L2	58	
67	70	L3	59	
67	70	L4	64	
67	70	L5	66	
67	80	L2	61	
67	80	L3	61	
67	80	L4	66	
67	80	L5	66	
67	90	L2	74	
67	90	L3	78	
67	90	L4	83	
67	90	L5	85	
67	100	L2	77	
67	100	L3	84	
67	100	L4	89	
67	100	L5	91	
68	10	L2	8	
68	10	L3	9	
68	10	L4	9	
68	10	L5	9	
68	20	L2	17	
68	20	L3	18	
68	20	L4	18	
68	20	L5	20	
68	30	L2	25	
68	30	L3	27	
68	30	L4	27	
68	30	L5	28	
68	40	L2	35	
68	40	L3	36	
68	40	L4	37	
68	40	L5	39	
68	50	L2	43	
68	50	L3	47	
68	50	L4	47	
68	50	L5	47	
68	60	L2	51	
68	60	L3	51	
68	60	L4	56	
68	60	L5	58	
68	70	L2	61	
68	70	L3	63	
68	70	L4	64	
68	70	L5	64	
68	80	L2	65	
68	80	L3	67	
68	80	L4	72	
68	80	L5	67	
68	90	L2	76	
68	90	L3	77	
68	90	L4	78	
68	90	L5	82	
68	100	L2	75	
68	100	L3	80	
68	100	L4	86	
68	100	L5	89	
69	10	L2	9	
69	10	L3	9	
69	10	L4	9	
69	10	L5	9	
69	20	L2	18	
69	20	L3	18	
69	20	L4	18	
69	20	L5	18	
69	30	L2	24	
69	30	L3	25	
69	30	L4	26	
69	30	L5	26	
69	40	L2	29	
69	40	L3	33	
69	40	L4	33	
69	40	L5	35	
69	50	L2	43	
69	50	L3	45	
69	50	L4	47	
69	50	L5	48	
69	60	L2	55	
69	60	L3	55	
69	60	L4	56	
69	60	L5	57	
69	70	L2	64	
69	70	L3	60	
69	70	L4	66	
69	70	L5	65	
69	80	L2	67	
69	80	L3	69	
69	80	L4	71	
69	80	L5	74	
69	90	L2	78	
69	90	L3	78	
69	90	L4	84	
69	90	L5	83	
69	100	L2	91	
69	100	L3	93	
69	100	L4	95	
69	100	L5	96	
70	10	L2	6	
70	10	L3	7	
70	10	L4	8	
70	10	L5	7	
70	20	L2	12	
70	20	L3	13	
70	20	L4	15	
70	20	L5	16	
70	30	L2	20	
70	30	L3	25	
70	30	L4	25	
70	30	L5	27	
70	40	L2	35	
70	40	L3	38	
70	40	L4	38	
70	40	L5	36	
70	50	L2	40	
70	50	L3	43	
70	50	L4	44	
70	50	L5	44	
70	60	L2	53	
70	60	L3	52	
70	60	L4	54	
70	60	L5	53	
70	70	L2	56	
70	70	L3	58	
70	70	L4	63	
70	70	L5	66	
70	80	L2	65	
70	80	L3	73	
70	80	L4	73	
70	80	L5	73	
70	90	L2	73	
70	90	L3	76	
70	90	L4	78	
70	90	L5	78	
70	100	L2	81	
70	100	L3	93	
70	100	L4	91	
70	100	L5	92	
71	10	L2	8	
71	10	L3	9	
71	10	L4	9	
71	10	L5	9	
71	20	L2	18	
71	20	L3	18	
71	20	L4	18	
71	20	L5	20	
71	30	L2	30	
71	30	L3	30	
71	30	L4	30	
71	30	L5	30	
71	40	L2	33	
71	40	L3	33	
71	40	L4	36	
71	40	L5	36	
71	50	L2	38	
71	50	L3	41	
71	50	L4	43	
71	50	L5	44	
71	60	L2	50	
71	60	L3	53	
71	60	L4	54	
71	60	L5	55	
71	70	L2	55	
71	70	L3	58	
71	70	L4	60	
71	70	L5	60	
71	80	L2	67	
71	80	L3	71	
71	80	L4	74	
71	80	L5	75	
71	90	L2	77	
71	90	L3	80	
71	90	L4	84	
71	90	L5	81	
71	100	L2	82	
71	100	L3	88	
71	100	L4	90	
71	100	L5	88	
72	10	L2	6	
72	10	L3	8	
72	10	L4	8	
72	10	L5	8	
72	20	L2	16	
72	20	L3	16	
72	20	L4	17	
72	20	L5	16	
72	30	L2	28	
72	30	L3	27	
72	30	L4	28	
72	30	L5	27	
72	40	L2	34	
72	40	L3	34	
72	40	L4	35	
72	40	L5	35	
72	50	L2	45	
72	50	L3	40	
72	50	L4	47	
72	50	L5	42	
72	60	L2	56	
72	60	L3	49	
72	60	L4	56	
72	60	L5	51	
72	70	L2	58	
72	70	L3	59	
72	70	L4	60	
72	70	L5	60	
72	80	L2	71	
72	80	L3	66	
72	80	L4	72	
72	80	L5	69	
72	90	L2	75	
72	90	L3	76	
72	90	L4	78	
72	90	L5	77	
72	100	L2	85	
72	100	L3	86	
72	100	L4	90	
72	100	L5	87	
73	10	L2	7	
73	10	L3	8	
73	10	L4	8	
73	10	L5	9	
73	20	L2	16	
73	20	L3	16	
73	20	L4	17	
73	20	L5	18	
73	30	L2	25	
73	30	L3	27	
73	30	L4	29	
73	30	L5	29	
73	40	L2	36	
73	40	L3	36	
73	40	L4	38	
73	40	L5	39	
73	50	L2	43	
73	50	L3	42	
73	50	L4	43	
73	50	L5	42	
73	60	L2	45	
73	60	L3	49	
73	60	L4	52	
73	60	L5	54	
73	70	L2	57	
73	70	L3	59	
73	70	L4	64	
73	70	L5	65	
73	80	L2	72	
73	80	L3	73	
73	80	L4	75	
73	80	L5	77	
73	90	L2	71	
73	90	L3	78	
73	90	L4	82	
73	90	L5	82	
73	100	L2	87	
73	100	L3	90	
73	100	L4	92	
73	100	L5	92	
74	10	L2	10	
74	10	L3	9	
74	10	L4	10	
74	10	L5	10	
74	20	L2	18	
74	20	L3	19	
74	20	L4	19	
74	20	L5	19	
74	30	L2	24	
74	30	L3	24	
74	30	L4	26	
74	30	L5	27	
74	40	L2	31	
74	40	L3	34	
74	40	L4	32	
74	40	L5	36	
74	50	L2	37	
74	50	L3	40	
74	50	L4	40	
74	50	L5	40	
74	60	L2	52	
74	60	L3	54	
74	60	L4	55	
74	60	L5	57	
74	70	L2	56	
74	70	L3	59	
74	70	L4	60	
74	70	L5	58	
74	80	L2	61	
74	80	L3	61	
74	80	L4	68	
74	80	L5	72	
74	90	L2	66	
74	90	L3	71	
74	90	L4	74	
74	90	L5	81	
74	100	L2	77	
74	100	L3	86	
74	100	L4	86	
74	100	L5	89	
75	10	L2	8	
75	10	L3	9	
75	10	L4	9	
75	10	L5	9	
75	20	L2	20	
75	20	L3	20	
75	20	L4	20	
75	20	L5	20	
75	30	L2	23	
75	30	L3	23	
75	30	L4	25	
75	30	L5	24	
75	40	L2	35	
75	40	L3	36	
75	40	L4	38	
75	40	L5	38	
75	50	L2	43	
75	50	L3	45	
75	50	L4	46	
75	50	L5	47	
75	60	L2	53	
75	60	L3	54	
75	60	L4	54	
75	60	L5	54	
75	70	L2	63	
75	70	L3	63	
75	70	L4	65	
75	70	L5	64	
75	80	L2	67	
75	80	L3	72	
75	80	L4	75	
75	80	L5	74	
75	90	L2	73	
75	90	L3	78	
75	90	L4	78	
75	90	L5	76	
75	100	L2	91	
75	100	L3	90	
75	100	L4	94	
75	100	L5	94	
76	10	L2	8	
76	10	L3	7	
76	10	L4	9	
76	10	L5	10	
76	20	L2	13	
76	20	L3	14	
76	20	L4	15	
76	20	L5	19	
76	30	L2	25	
76	30	L3	26	
76	30	L4	26	
76	30	L5	26	
76	40	L2	34	
76	40	L3	36	
76	40	L4	36	
76	40	L5	38	
76	50	L2	38	
76	50	L3	42	
76	50	L4	44	
76	50	L5	46	
76	60	L2	52	
76	60	L3	54	
76	60	L4	56	
76	60	L5	57	
76	70	L2	53	
76	70	L3	60	
76	70	L4	59	
76	70	L5	64	
76	80	L2	62	
76	80	L3	63	
76	80	L4	68	
76	80	L5	67	
76	90	L2	69	
76	90	L3	72	
76	90	L4	74	
76	90	L5	78	
76	100	L2	85	
76	100	L3	86	
76	100	L4	90	
76	100	L5	91	
77	10	L2	7	
77	10	L3	8	
77	10	L4	8	
77	10	L5	9	
77	20	L2	17	
77	20	L3	19	
77	20	L4	18	
77	20	L5	18	
77	30	L2	25	
77	30	L3	26	
77	30	L4	26	
77	30	L5	28	
77	40	L2	31	
77	40	L3	35	
77	40	L4	34	
77	40	L5	36	
77	50	L2	42	
77	50	L3	42	
77	50	L4	46	
77	50	L5	46	
77	60	L2	48	
77	60	L3	53	
77	60	L4	49	
77	60	L5	52	
77	70	L2	57	
77	70	L3	61	
77	70	L4	58	
77	70	L5	61	
77	80	L2	62	
77	80	L3	68	
77	80	L4	68	
77	80	L5	67	
77	90	L2	71	
77	90	L3	76	
77	90	L4	80	
77	90	L5	80	
77	100	L2	79	
77	100	L3	86	
77	100	L4	84	
77	100	L5	87	
78	10	L2	8	
78	10	L3	9	
78	10	L4	10	
78	10	L5	9	
78	20	L2	15	
78	20	L3	17	
78	20	L4	17	
78	20	L5	17	
78	30	L2	26	
78	30	L3	26	
78	30	L4	28	
78	30	L5	28	
78	40	L2	32	
78	40	L3	33	
78	40	L4	35	
78	40	L5	35	
78	50	L2	40	
78	50	L3	42	
78	50	L4	42	
78	50	L5	42	
78	60	L2	44	
78	60	L3	49	
78	60	L4	53	
78	60	L5	52	
78	70	L2	58	
78	70	L3	60	
78	70	L4	63	
78	70	L5	64	
78	80	L2	67	
78	80	L3	68	
78	80	L4	71	
78	80	L5	74	
78	90	L2	78	
78	90	L3	80	
78	90	L4	80	
78	90	L5	84	
78	100	L2	89	
78	100	L3	92	
78	100	L4	93	
78	100	L5	94	
79	10	L2	9	
79	10	L3	9	
79	10	L4	9	
79	10	L5	9	
79	20	L2	14	
79	20	L3	15	
79	20	L4	15	
79	20	L5	15	
79	30	L2	24	
79	30	L3	23	
79	30	L4	27	
79	30	L5	27	
79	40	L2	27	
79	40	L3	30	
79	40	L4	33	
79	40	L5	33	
79	50	L2	36	
79	50	L3	39	
79	50	L4	39	
79	50	L5	41	
79	60	L2	48	
79	60	L3	51	
79	60	L4	55	
79	60	L5	55	
79	70	L2	58	
79	70	L3	60	
79	70	L4	64	
79	70	L5	68	
79	80	L2	59	
79	80	L3	67	
79	80	L4	70	
79	80	L5	70	
79	90	L2	77	
79	90	L3	79	
79	90	L4	84	
79	90	L5	83	
79	100	L2	79	
79	100	L3	81	
79	100	L4	86	
79	100	L5	87	
80	10	L2	7	
80	10	L3	9	
80	10	L4	7	
80	10	L5	9	
80	20	L2	17	
80	20	L3	19	
80	20	L4	18	
80	20	L5	18	
80	30	L2	25	
80	30	L3	26	
80	30	L4	26	
80	30	L5	28	
80	40	L2	35	
80	40	L3	35	
80	40	L4	36	
80	40	L5	37	
80	50	L2	38	
80	50	L3	40	
80	50	L4	39	
80	50	L5	39	
80	60	L2	51	
80	60	L3	51	
80	60	L4	52	
80	60	L5	54	
80	70	L2	63	
80	70	L3	63	
80	70	L4	65	
80	70	L5	65	
80	80	L2	68	
80	80	L3	66	
80	80	L4	70	
80	80	L5	69	
80	90	L2	77	
80	90	L3	82	
80	90	L4	82	
80	90	L5	86	
80	100	L2	79	
80	100	L3	85	
80	100	L4	90	
80	100	L5	92	
81	10	L2	8	
81	10	L3	8	
81	10	L4	10	
81	10	L5	8	
81	20	L2	19	
81	20	L3	19	
81	20	L4	19	
81	20	L5	20	
81	30	L2	26	
81	30	L3	26	
81	30	L4	28	
81	30	L5	27	
81	40	L2	35	
81	40	L3	36	
81	40	L4	38	
81	40	L5	37	
81	50	L2	37	
81	50	L3	42	
81	50	L4	44	
81	50	L5	41	
81	60	L2	36	
81	60	L3	40	
81	60	L4	40	
81	60	L5	46	
81	70	L2	56	
81	70	L3	57	
81	70	L4	58	
81	70	L5	62	
81	80	L2	66	
81	80	L3	67	
81	80	L4	75	
81	80	L5	75	
81	90	L2	74	
81	90	L3	78	
81	90	L4	83	
81	90	L5	80	
81	100	L2	72	
81	100	L3	76	
81	100	L4	80	
81	100	L5	80	
82	10	L2	8	
82	10	L3	9	
82	10	L4	8	
82	10	L5	9	
82	20	L2	17	
82	20	L3	19	
82	20	L4	19	
82	20	L5	19	
82	30	L2	27	
82	30	L3	28	
82	30	L4	28	
82	30	L5	29	
82	40	L2	38	
82	40	L3	36	
82	40	L4	39	
82	40	L5	39	
82	50	L2	42	
82	50	L3	40	
82	50	L4	43	
82	50	L5	42	
82	60	L2	49	
82	60	L3	55	
82	60	L4	55	
82	60	L5	56	
82	70	L2	57	
82	70	L3	58	
82	70	L4	62	
82	70	L5	63	
82	80	L2	63	
82	80	L3	68	
82	80	L4	66	
82	80	L5	73	
82	90	L2	75	
82	90	L3	78	
82	90	L4	80	
82	90	L5	86	
82	100	L2	80	
82	100	L3	86	
82	100	L4	89	
82	100	L5	94	
83	10	L2	8	
83	10	L3	8	
83	10	L4	8	
83	10	L5	8	
83	20	L2	16	
83	20	L3	16	
83	20	L4	19	
83	20	L5	18	
83	30	L2	27	
83	30	L3	27	
83	30	L4	30	
83	30	L5	29	
83	40	L2	29	
83	40	L3	30	
83	40	L4	31	
83	40	L5	34	
83	50	L2	42	
83	50	L3	41	
83	50	L4	43	
83	50	L5	44	
83	60	L2	51	
83	60	L3	51	
83	60	L4	54	
83	60	L5	56	
83	70	L2	53	
83	70	L3	55	
83	70	L4	56	
83	70	L5	57	
83	80	L2	62	
83	80	L3	70	
83	80	L4	71	
83	80	L5	66	
83	90	L2	81	
83	90	L3	83	
83	90	L4	86	
83	90	L5	86	
83	100	L2	79	
83	100	L3	83	
83	100	L4	86	
83	100	L5	90	
84	10	L2	9	
84	10	L3	9	
84	10	L4	9	
84	10	L5	9	
84	20	L2	17	
84	20	L3	18	
84	20	L4	17	
84	20	L5	20	
84	30	L2	28	
84	30	L3	28	
84	30	L4	28	
84	30	L5	28	
84	40	L2	32	
84	40	L3	33	
84	40	L4	36	
84	40	L5	36	
84	50	L2	41	
84	50	L3	44	
84	50	L4	46	
84	50	L5	48	
84	60	L2	51	
84	60	L3	50	
84	60	L4	56	
84	60	L5	56	
84	70	L2	56	
84	70	L3	59	
84	70	L4	63	
84	70	L5	63	
84	80	L2	70	
84	80	L3	71	
84	80	L4	75	
84	80	L5	77	
84	90	L2	75	
84	90	L3	79	
84	90	L4	80	
84	90	L5	81	
84	100	L2	84	
84	100	L3	88	
84	100	L4	90	
84	100	L5	90	
85	10	L2	7	
85	10	L3	10	
85	10	L4	9	
85	10	L5	9	
85	20	L2	15	
85	20	L3	17	
85	20	L4	17	
85	20	L5	17	
85	30	L2	24	
85	30	L3	24	
85	30	L4	27	
85	30	L5	27	
85	40	L2	35	
85	40	L3	34	
85	40	L4	38	
85	40	L5	37	
85	50	L2	38	
85	50	L3	45	
85	50	L4	44	
85	50	L5	45	
85	60	L2	46	
85	60	L3	49	
85	60	L4	54	
85	60	L5	56	
85	70	L2	61	
85	70	L3	63	
85	70	L4	68	
85	70	L5	65	
85	80	L2	65	
85	80	L3	67	
85	80	L4	70	
85	80	L5	74	
85	90	L2	69	
85	90	L3	70	
85	90	L4	81	
85	90	L5	80	
85	100	L2	80	
85	100	L3	85	
85	100	L4	91	
85	100	L5	91	
86	10	L2	9	
86	10	L3	10	
86	10	L4	10	
86	10	L5	10	
86	20	L2	15	
86	20	L3	18	
86	20	L4	20	
86	20	L5	20	
86	30	L2	26	
86	30	L3	27	
86	30	L4	27	
86	30	L5	28	
86	40	L2	33	
86	40	L3	35	
86	40	L4	34	
86	40	L5	35	
86	50	L2	39	
86	50	L3	44	
86	50	L4	46	
86	50	L5	47	
86	60	L2	53	
86	60	L3	52	
86	60	L4	54	
86	60	L5	53	
86	70	L2	52	
86	70	L3	50	
86	70	L4	56	
86	70	L5	52	
86	80	L2	66	
86	80	L3	70	
86	80	L4	73	
86	80	L5	74	
86	90	L2	71	
86	90	L3	72	
86	90	L4	81	
86	90	L5	75	
86	100	L2	90	
86	100	L3	91	
86	100	L4	91	
86	100	L5	96	
87	10	L2	9	
87	10	L3	9	
87	10	L4	9	
87	10	L5	10	
87	20	L2	15	
87	20	L3	16	
87	20	L4	17	
87	20	L5	18	
87	30	L2	26	
87	30	L3	28	
87	30	L4	28	
87	30	L5	28	
87	40	L2	35	
87	40	L3	36	
87	40	L4	37	
87	40	L5	39	
87	50	L2	44	
87	50	L3	46	
87	50	L4	46	
87	50	L5	48	
87	60	L2	51	
87	60	L3	53	
87	60	L4	53	
87	60	L5	55	
87	70	L2	56	
87	70	L3	55	
87	70	L4	58	
87	70	L5	59	
87	80	L2	67	
87	80	L3	70	
87	80	L4	71	
87	80	L5	76	
87	90	L2	72	
87	90	L3	75	
87	90	L4	80	
87	90	L5	80	
87	100	L2	82	
87	100	L3	85	
87	100	L4	86	
87	100	L5	87	
88	10	L2	9	
88	10	L3	9	
88	10	L4	10	
88	10	L5	10	
88	20	L2	19	
88	20	L3	18	
88	20	L4	20	
88	20	L5	20	
88	30	L2	24	
88	30	L3	25	
88	30	L4	26	
88	30	L5	27	
88	40	L2	37	
88	40	L3	36	
88	40	L4	37	
88	40	L5	37	
88	50	L2	38	
88	50	L3	40	
88	50	L4	43	
88	50	L5	46	
88	60	L2	56	
88	60	L3	56	
88	60	L4	57	
88	60	L5	56	
88	70	L2	61	
88	70	L3	61	
88	70	L4	63	
88	70	L5	63	
88	80	L2	65	
88	80	L3	67	
88	80	L4	72	
88	80	L5	70	
88	90	L2	72	
88	90	L3	75	
88	90	L4	81	
88	90	L5	83	
88	100	L2	87	
88	100	L3	87	
88	100	L4	92	
88	100	L5	89	
89	10	L2	10	
89	10	L3	10	
89	10	L4	10	
89	10	L5	10	
89	20	L2	15	
89	20	L3	15	
89	20	L4	16	
89	20	L5	17	
89	30	L2	25	
89	30	L3	27	
89	30	L4	28	
89	30	L5	29	
89	40	L2	31	
89	40	L3	34	
89	40	L4	36	
89	40	L5	33	
89	50	L2	40	
89	50	L3	46	
89	50	L4	43	
89	50	L5	44	
89	60	L2	48	
89	60	L3	53	
89	60	L4	54	
89	60	L5	56	
89	70	L2	56	
89	70	L3	58	
89	70	L4	60	
89	70	L5	63	
89	80	L2	63	
89	80	L3	66	
89	80	L4	68	
89	80	L5	69	
89	90	L2	78	
89	90	L3	80	
89	90	L4	80	
89	90	L5	79	
89	100	L2	81	
89	100	L3	85	
89	100	L4	89	
89	100	L5	91	
90	10	L2	10	
90	10	L3	10	
90	10	L4	10	
90	10	L5	10	
90	20	L2	16	
90	20	L3	18	
90	20	L4	18	
90	20	L5	19	
90	30	L2	23	
90	30	L3	26	
90	30	L4	24	
90	30	L5	26	
90	40	L2	35	
90	40	L3	38	
90	40	L4	39	
90	40	L5	37	
90	50	L2	45	
90	50	L3	48	
90	50	L4	48	
90	50	L5	47	
90	60	L2	45	
90	60	L3	51	
90	60	L4	50	
90	60	L5	53	
90	70	L2	55	
90	70	L3	58	
90	70	L4	62	
90	70	L5	61	
90	80	L2	70	
90	80	L3	72	
90	80	L4	71	
90	80	L5	71	
90	90	L2	71	
90	90	L3	73	
90	90	L4	75	
90	90	L5	80	
90	100	L2	85	
90	100	L3	81	
90	100	L4	88	
90	100	L5	88	
91	10	L2	8	
91	10	L3	9	
91	10	L4	10	
91	10	L5	9	
91	20	L2	19	
91	20	L3	15	
91	20	L4	20	
91	20	L5	16	
91	30	L2	22	
91	30	L3	27	
91	30	L4	30	
91	30	L5	29	
91	40	L2	30	
91	40	L3	31	
91	40	L4	34	
91	40	L5	33	
91	50	L2	41	
91	50	L3	47	
91	50	L4	47	
91	50	L5	47	
91	60	L2	51	
91	60	L3	53	
91	60	L4	55	
91	60	L5	54	
91	70	L2	57	
91	70	L3	60	
91	70	L4	62	
91	70	L5	61	
91	80	L2	64	
91	80	L3	69	
91	80	L4	68	
91	80	L5	71	
91	90	L2	77	
91	90	L3	80	
91	90	L4	83	
91	90	L5	83	
91	100	L2	84	
91	100	L3	88	
91	100	L4	88	
91	100	L5	91	
92	10	L2	9	
92	10	L3	9	
92	10	L4	10	
92	10	L5	9	
92	20	L2	16	
92	20	L3	16	
92	20	L4	17	
92	20	L5	18	
92	30	L2	22	
92	30	L3	23	
92	30	L4	26	
92	30	L5	26	
92	40	L2	34	
92	40	L3	35	
92	40	L4	36	
92	40	L5	36	
92	50	L2	40	
92	50	L3	44	
92	50	L4	45	
92	50	L5	46	
92	60	L2	55	
92	60	L3	55	
92	60	L4	57	
92	60	L5	56	
92	70	L2	55	
92	70	L3	59	
92	70	L4	61	
92	70	L5	62	
92	80	L2	69	
92	80	L3	74	
92	80	L4	77	
92	80	L5	76	
92	90	L2	76	
92	90	L3	79	
92	90	L4	84	
92	90	L5	87	
92	100	L2	87	
92	100	L3	89	
92	100	L4	94	
92	100	L5	94	
93	10	L2	7	
93	10	L3	8	
93	10	L4	8	
93	10	L5	8	
93	20	L2	16	
93	20	L3	15	
93	20	L4	17	
93	20	L5	19	
93	30	L2	26	
93	30	L3	23	
93	30	L4	27	
93	30	L5	24	
93	40	L2	31	
93	40	L3	32	
93	40	L4	32	
93	40	L5	35	
93	50	L2	44	
93	50	L3	46	
93	50	L4	46	
93	50	L5	47	
93	60	L2	41	
93	60	L3	44	
93	60	L4	46	
93	60	L5	49	
93	70	L2	62	
93	70	L3	58	
93	70	L4	64	
93	70	L5	64	
93	80	L2	67	
93	80	L3	66	
93	80	L4	70	
93	80	L5	71	
93	90	L2	71	
93	90	L3	76	
93	90	L4	77	
93	90	L5	80	
93	100	L2	85	
93	100	L3	84	
93	100	L4	87	
93	100	L5	90	
94	10	L2	8	
94	10	L3	8	
94	10	L4	8	
94	10	L5	9	
94	20	L2	17	
94	20	L3	19	
94	20	L4	19	
94	20	L5	19	
94	30	L2	25	
94	30	L3	24	
94	30	L4	26	
94	30	L5	26	
94	40	L2	36	
94	40	L3	34	
94	40	L4	37	
94	40	L5	35	
94	50	L2	44	
94	50	L3	44	
94	50	L4	45	
94	50	L5	45	
94	60	L2	47	
94	60	L3	50	
94	60	L4	52	
94	60	L5	52	
94	70	L2	55	
94	70	L3	56	
94	70	L4	60	
94	70	L5	62	
94	80	L2	65	
94	80	L3	64	
94	80	L4	66	
94	80	L5	70	
94	90	L2	75	
94	90	L3	74	
94	90	L4	77	
94	90	L5	76	
94	100	L2	83	
94	100	L3	86	
94	100	L4	94	
94	100	L5	87	
95	10	L2	9	
95	10	L3	10	
95	10	L4	10	
95	10	L5	10	
95	20	L2	18	
95	20	L3	19	
95	20	L4	19	
95	20	L5	19	
95	30	L2	26	
95	30	L3	27	
95	30	L4	26	
95	30	L5	27	
95	40	L2	36	
95	40	L3	37	
95	40	L4	37	
95	40	L5	37	
95	50	L2	41	
95	50	L3	43	
95	50	L4	44	
95	50	L5	44	
95	60	L2	49	
95	60	L3	49	
95	60	L4	50	
95	60	L5	51	
95	70	L2	56	
95	70	L3	57	
95	70	L4	59	
95	70	L5	59	
95	80	L2	69	
95	80	L3	71	
95	80	L4	72	
95	80	L5	71	
95	90	L2	78	
95	90	L3	79	
95	90	L4	83	
95	90	L5	83	
95	100	L2	81	
95	100	L3	88	
95	100	L4	90	
95	100	L5	92	
96	10	L2	10	
96	10	L3	9	
96	10	L4	10	
96	10	L5	9	
96	20	L2	18	
96	20	L3	20	
96	20	L4	19	
96	20	L5	20	
96	30	L2	24	
96	30	L3	25	
96	30	L4	26	
96	30	L5	26	
96	40	L2	34	
96	40	L3	36	
96	40	L4	35	
96	40	L5	35	
96	50	L2	45	
96	50	L3	45	
96	50	L4	45	
96	50	L5	48	
96	60	L2	48	
96	60	L3	46	
96	60	L4	50	
96	60	L5	50	
96	70	L2	59	
96	70	L3	54	
96	70	L4	61	
96	70	L5	58	
96	80	L2	64	
96	80	L3	69	
96	80	L4	72	
96	80	L5	72	
96	90	L2	77	
96	90	L3	77	
96	90	L4	84	
96	90	L5	78	
96	100	L2	75	
96	100	L3	86	
96	100	L4	86	
96	100	L5	86	
97	10	L2	8	
97	10	L3	10	
97	10	L4	9	
97	10	L5	9	
97	20	L2	15	
97	20	L3	17	
97	20	L4	17	
97	20	L5	17	
97	30	L2	23	
97	30	L3	23	
97	30	L4	26	
97	30	L5	25	
97	40	L2	30	
97	40	L3	31	
97	40	L4	35	
97	40	L5	34	
97	50	L2	37	
97	50	L3	43	
97	50	L4	42	
97	50	L5	40	
97	60	L2	49	
97	60	L3	49	
97	60	L4	52	
97	60	L5	53	
97	70	L2	60	
97	70	L3	64	
97	70	L4	65	
97	70	L5	63	
97	80	L2	65	
97	80	L3	70	
97	80	L4	75	
97	80	L5	71	
97	90	L2	72	
97	90	L3	76	
97	90	L4	79	
97	90	L5	79	
97	100	L2	68	
97	100	L3	79	
97	100	L4	87	
97	100	L5	84	
98	10	L2	8	
98	10	L3	9	
98	10	L4	10	
98	10	L5	9	
98	20	L2	17	
98	20	L3	19	
98	20	L4	18	
98	20	L5	20	
98	30	L2	21	
98	30	L3	22	
98	30	L4	23	
98	30	L5	26	
98	40	L2	32	
98	40	L3	36	
98	40	L4	34	
98	40	L5	32	
98	50	L2	42	
98	50	L3	46	
98	50	L4	45	
98	50	L5	45	
98	60	L2	49	
98	60	L3	54	
98	60	L4	52	
98	60	L5	53	
98	70	L2	52	
98	70	L3	55	
98	70	L4	56	
98	70	L5	60	
98	80	L2	60	
98	80	L3	70	
98	80	L4	70	
98	80	L5	68	
98	90	L2	74	
98	90	L3	77	
98	90	L4	77	
98	90	L5	80	
98	100	L2	78	
98	100	L3	84	
98	100	L4	86	
98	100	L5	87	
99	10	L2	10	
99	10	L3	10	
99	10	L4	10	
99	10	L5	10	
99	20	L2	15	
99	20	L3	18	
99	20	L4	18	
99	20	L5	16	
99	30	L2	26	
99	30	L3	25	
99	30	L4	28	
99	30	L5	26	
99	40	L2	32	
99	40	L3	32	
99	40	L4	35	
99	40	L5	35	
99	50	L2	40	
99	50	L3	45	
99	50	L4	45	
99	50	L5	49	
99	60	L2	52	
99	60	L3	55	
99	60	L4	57	
99	60	L5	57	
99	70	L2	64	
99	70	L3	64	
99	70	L4	67	
99	70	L5	66	
99	80	L2	62	
99	80	L3	66	
99	80	L4	69	
99	80	L5	73	
99	90	L2	81	
99	90	L3	82	
99	90	L4	86	
99	90	L5	82	
99	100	L2	89	
99	100	L3	92	
99	100	L4	92	
99	100	L5	94	
100	10	L2	9	
100	10	L3	9	
100	10	L4	9	
100	10	L5	9	
100	20	L2	17	
100	20	L3	17	
100	20	L4	17	
100	20	L5	17	
100	30	L2	25	
100	30	L3	26	
100	30	L4	25	
100	30	L5	26	
100	40	L2	34	
100	40	L3	35	
100	40	L4	35	
100	40	L5	36	
100	50	L2	38	
100	50	L3	39	
100	50	L4	40	
100	50	L5	41	
100	60	L2	42	
100	60	L3	48	
100	60	L4	50	
100	60	L5	52	
100	70	L2	51	
100	70	L3	54	
100	70	L4	61	
100	70	L5	60	
100	80	L2	66	
100	80	L3	70	
100	80	L4	69	
100	80	L5	70	
100	90	L2	75	
100	90	L3	76	
100	90	L4	80	
100	90	L5	84	
100	100	L2	74	
100	100	L3	79	
100	100	L4	85	
100	100	L5	86	
